99 1
33 2
99 2
33 2
99 2
33 1
1 2
3 1
1 3
3 1
1 3
3 1
1 10
3 1
1 3
3 1
1 3
3 1
1 2
33 1
99 2
33 2
99 2
33 2
99 2
1 3
3 1
1 3
3 1
1 14
3 1
1 3
3 1
1 3
3 1
1 1
33 2
99 2
33 2
99 2
33 2
1 1
3 1
1 3
3 1
1 3
3 1
1 14
3 1
1 3
3 1
1 3
99 2
33 2
99 2
33 2
99 2
33 1
1 2
3 1
1 3
3 1
1 3
3 1
1 10
3 1
1 3
3 1
1 3
3 1
1 2
33 1
99 2
33 2
99 2
33 2
99 2
1 3
3 1
1 3
3 1
1 14
3 1
1 3
3 1
1 3
3 1
1 1
33 2
99 2
33 2
99 2
33 2
1 1
3 1
1 3
3 1
1 3
3 1
1 14
3 1
1 3
3 1
1 3
99 2
33 2
99 2
33 2
99 2
33 1
1 2
3 1
1 3
3 1
1 3
3 1
1 10
3 1
1 3
3 1
1 3
3 1
1 2
33 1
99 2
33 2
99 2
33 2
99 2
1 3
3 1
1 3
3 1
1 14
3 1
1 3
3 1
1 3
3 1
1 1
33 2
99 2
33 2
99 2
33 2
1 1
3 1
1 3
3 1
1 3
3 1
1 14
3 1
1 3
3 1
1 3
99 2
33 2
99 2
33 2
99 2
33 1
1 2
3 1
1 3
3 1
1 3
3 1
1 10
3 1
1 3
3 1
1 3
3 1
1 2
33 1
99 2
33 2
99 2
33 2
99 2
1 3
3 1
1 3
3 1
1 14
3 1
1 3
3 1
1 3
3 1
1 1
33 2
99 2
33 2
99 2
33 2
1 1
3 1
1 3
3 1
1 3
3 1
1 14
3 1
1 3
3 1
1 3
99 2
33 2
99 2
33 2
99 2
33 1
1 2
3 1
1 3
3 1
1 3
3 1
1 10
3 1
1 3
3 1
1 3
3 1
1 2
33 1
99 2
33 2
99 2
33 2
99 2
1 3
3 1
1 3
3 1
1 14
3 1
1 3
3 1
1 3
3 1
1 1
33 2
99 2
33 2
99 2
33 2
1 1
3 1
1 3
3 1
1 3
3 1
1 14
3 1
1 3
3 1
1 3
99 2
33 2
99 2
33 2
99 2
33 1
1 2
3 1
1 3
3 1
1 3
3 1
1 10
3 1
1 3
3 1
1 3
3 1
1 2
33 1
99 2
33 2
99 2
33 2
99 2
1 3
3 1
1 3
3 1
1 14
3 1
1 3
3 1
1 3
3 1
1 1
33 2
99 2
33 2
99 2
33 2
1 1
3 1
1 3
3 1
1 3
3 1
1 14
3 1
1 3
3 1
1 3
99 2
33 2
99 2
33 2
99 2
33 1
1 2
3 1
1 3
3 1
1 3
3 1
1 10
3 1
1 3
3 1
1 3
3 1
1 2
33 1
99 2
33 2
99 2
33 2
99 2
1 3
3 1
1 3
3 1
1 14
3 1
1 3
3 1
1 3
3 1
1 1
33 2
99 2
33 2
99 2
33 2
1 1
3 1
1 3
3 1
1 3
3 1
1 14
3 1
1 3
3 1
1 3
99 2
33 2
99 2
33 2
99 2
33 1
1 2
3 1
1 3
3 1
1 3
3 1
1 10
3 1
1 3
3 1
1 3
3 1
1 2
33 1
99 2
33 2
99 2
33 2
99 2
1 3
3 1
1 3
3 1
1 14
3 1
1 3
3 1
1 3
3 1
1 1
33 2
99 2
33 2
99 2
33 2
1 1
3 1
1 3
3 1
1 3