1
692 585 244
1 2 613
1 3 240
3 4 967
2 5 899
3 6 114
2 7 983
7 8 632
7 9 712
9 10 101
2 11 396
2 12 99
2 13 664
9 14 675
10 15 675
2 16 986
12 17 934
9 18 963
4 19 980
11 20 50
5 21 13
20 22 81
9 23 826
2 24 478
11 25 651
12 26 816
5 27 385
13 28 592
15 29 818
3 30 747
26 31 903
1 32 195
20 33 123
10 34 762
4 35 405
31 36 465
20 37 621
22 38 447
37 39 978
7 40 609
15 41 752
23 42 512
14 43 365
8 44 698
24 45 415
11 46 682
46 47 183
2 48 800
42 49 27
45 50 167
22 51 410
5 52 282
16 53 23
16 54 291
10 55 654
7 56 992
3 57 345
20 58 745
48 59 548
16 60 353
35 61 562
41 62 167
43 63 60
31 64 620
11 65 795
61 66 871
21 67 350
47 68 266
25 69 593
9 70 615
15 71 380
4 72 198
54 73 560
54 74 956
58 75 852
44 76 275
46 77 351
34 78 556
47 79 432
2 80 569
60 81 595
51 82 234
1 83 368
32 84 254
57 85 705
44 86 414
37 87 500
32 88 623
51 89 608
85 90 754
34 91 49
12 92 385
15 93 865
49 94 164
70 95 170
65 96 641
47 97 598
6 98 849
46 99 845
10 100 152
48 101 231
25 102 808
21 103 831
22 104 857
28 105 689
75 106 460
36 107 565
11 108 917
98 109 615
98 110 359
47 111 725
63 112 992
110 113 308
44 114 452
18 115 950
113 116 847
47 117 530
51 118 284
112 119 838
18 120 37
54 121 141
31 122 728
38 123 126
18 124 421
83 125 990
2 126 811
112 127 172
55 128 635
61 129 439
38 130 117
59 131 444
70 132 875
124 133 84
5 134 11
33 135 423
62 136 211
84 137 744
9 138 989
54 139 90
18 140 929
94 141 900
17 142 493
80 143 397
140 144 969
126 145 168
53 146 598
123 147 655
67 148 600
13 149 558
90 150 741
20 151 316
151 152 478
119 153 930
81 154 663
139 155 842
28 156 867
94 157 739
51 158 715
130 159 852
93 160 538
1 161 627
81 162 870
128 163 351
110 164 598
130 165 721
44 166 216
81 167 118
138 168 223
165 169 789
145 170 994
64 171 337
75 172 113
118 173 790
162 174 108
26 175 467
104 176 313
21 177 44
118 178 481
92 179 135
35 180 307
164 181 207
151 182 28
172 183 137
107 184 303
46 185 617
43 186 326
75 187 534
178 188 94
144 189 68
64 190 324
97 191 995
72 192 302
82 193 620
45 194 458
66 195 164
173 196 919
17 197 302
11 198 908
33 199 442
111 200 497
44 201 563
142 202 676
171 203 231
171 204 536
203 205 984
117 206 526
198 207 461
196 208 431
161 209 319
85 210 545
154 211 85
140 212 194
35 213 47
97 214 148
204 215 58
140 216 278
23 217 58
138 218 314
118 219 273
17 220 703
203 221 902
115 222 362
23 223 851
65 224 772
197 225 478
53 226 803
26 227 650
166 228 552
165 229 996
191 230 99
202 231 443
149 232 384
13 233 298
101 234 183
117 235 462
6 236 873
147 237 846
118 238 289
11 239 597
150 240 635
175 241 498
50 242 637
89 243 913
68 244 820
89 245 379
66 246 156
91 247 302
105 248 609
132 249 149
33 250 171
16 251 540
213 252 614
176 253 885
232 254 663
207 255 610
181 256 8
94 257 870
11 258 804
88 259 790
213 260 363
216 261 14
72 262 20
182 263 793
23 264 339
114 265 292
92 266 998
23 267 182
152 268 608
200 269 539
98 270 694
253 271 295
8 272 45
46 273 110
160 274 474
251 275 678
156 276 353
157 277 443
127 278 382
140 279 373
273 280 492
111 281 476
101 282 969
122 283 482
146 284 654
60 285 915
158 286 433
182 287 160
53 288 379
187 289 995
142 290 981
273 291 891
94 292 182
21 293 125
290 294 186
209 295 841
157 296 130
128 297 953
130 298 798
3 299 674
38 300 814
162 301 948
14 302 29
177 303 74
238 304 348
46 305 758
258 306 750
41 307 939
77 308 771
162 309 476
206 310 352
132 311 306
147 312 334
300 313 992
278 314 411
140 315 552
26 316 801
56 317 860
28 318 582
125 319 506
311 320 726
87 321 540
135 322 136
143 323 211
56 324 851
160 325 498
24 326 465
89 327 615
44 328 585
42 329 332
194 330 451
46 331 143
74 332 437
159 333 428
323 334 479
15 335 623
299 336 978
11 337 990
30 338 17
130 339 549
325 340 436
26 341 940
192 342 841
186 343 451
23 344 434
303 345 53
240 346 802
171 347 229
20 348 582
261 349 701
72 350 575
278 351 898
319 352 83
315 353 863
276 354 464
347 355 200
206 356 158
116 357 110
53 358 257
276 359 890
91 360 774
131 361 47
337 362 201
125 363 213
156 364 410
335 365 914
240 366 181
193 367 16
80 368 381
121 369 982
119 370 944
290 371 446
232 372 978
41 373 960
273 374 250
50 375 629
257 376 830
308 377 243
137 378 587
24 379 362
294 380 72
133 381 185
3 382 367
242 383 984
45 384 963
332 385 587
129 386 291
178 387 256
169 388 271
25 389 825
147 390 703
28 391 187
197 392 695
174 393 415
118 394 658
172 395 631
356 396 997
94 397 772
301 398 3
380 399 583
326 400 280
94 401 74
362 402 826
262 403 669
137 404 263
187 405 123
326 406 334
222 407 857
243 408 10
376 409 436
286 410 792
62 411 422
189 412 160
200 413 497
387 414 990
223 415 851
384 416 886
237 417 378
22 418 728
12 419 687
316 420 520
173 421 754
132 422 829
276 423 663
212 424 525
422 425 660
315 426 638
59 427 716
114 428 644
345 429 61
44 430 209
124 431 313
238 432 883
302 433 413
34 434 723
111 435 297
47 436 730
268 437 641
310 438 390
13 439 769
351 440 173
49 441 795
97 442 494
410 443 724
159 444 499
372 445 60
420 446 151
177 447 170
6 448 804
355 449 576
265 450 16
48 451 346
412 452 753
257 453 607
239 454 95
231 455 858
264 456 684
195 457 58
5 458 80
87 459 335
362 460 222
77 461 382
442 462 71
148 463 889
263 464 16
59 465 598
37 466 516
178 467 623
456 468 455
131 469 901
307 470 495
435 471 792
175 472 716
146 473 468
313 474 884
270 475 144
132 476 836
218 477 613
141 478 355
210 479 252
110 480 278
475 481 665
146 482 721
162 483 732
319 484 727
417 485 118
256 486 878
295 487 932
172 488 313
127 489 696
39 490 410
220 491 825
72 492 76
411 493 44
127 494 342
385 495 94
457 496 590
208 497 139
195 498 837
36 499 11
286 500 866
193 501 288
338 502 617
159 503 57
177 504 176
238 505 802
504 506 766
304 507 152
410 508 528
286 509 754
437 510 841
444 511 677
287 512 359
108 513 219
417 514 392
468 515 595
123 516 301
229 517 689
427 518 597
51 519 621
177 520 697
425 521 835
46 522 429
456 523 585
433 524 932
10 525 630
131 526 810
278 527 417
56 528 953
199 529 382
495 530 814
391 531 381
407 532 266
189 533 306
215 534 474
191 535 877
116 536 901
320 537 546
253 538 551
88 539 271
218 540 17
175 541 162
231 542 91
269 543 55
217 544 53
434 545 693
77 546 98
336 547 5
209 548 421
350 549 573
45 550 415
435 551 403
482 552 930
325 553 898
194 554 785
381 555 103
516 556 184
110 557 330
183 558 102
222 559 867
87 560 882
136 561 16
227 562 66
252 563 380
66 564 618
247 565 892
385 566 86
281 567 552
41 568 50
318 569 829
142 570 81
37 571 929
249 572 305
381 573 316
524 574 322
92 575 240
10 576 396
279 577 60
68 578 436
122 579 948
555 580 258
115 581 786
229 582 698
66 583 932
565 584 987
468 585 731
389 586 366
440 587 952
462 588 366
218 589 795
248 590 383
495 591 9
346 592 948
412 593 891
39 594 46
88 595 633
261 596 799
165 597 741
244 598 694
386 599 813
179 600 480
554 601 644
583 602 170
464 603 406
601 604 205
319 605 943
186 606 881
291 607 783
606 608 974
581 609 179
496 610 161
188 611 227
544 612 518
180 613 380
169 614 517
610 615 863
254 616 99
476 617 891
602 618 630
476 619 190
310 620 301
597 621 382
124 622 980
32 623 111
481 624 92
84 625 393
157 626 357
3 627 441
63 628 858
338 629 742
456 630 174
540 631 505
591 632 250
488 633 806
192 634 375
170 635 684
451 636 256
10 637 246
127 638 345
458 639 993
243 640 521
245 641 421
60 642 128
640 643 689
11 644 315
207 645 898
147 646 53
153 647 659
378 648 602
122 649 592
417 650 117
399 651 120
329 652 70
519 653 140
145 654 153
194 655 78
24 656 381
429 657 644
654 658 52
576 659 73
486 660 100
194 661 462
600 662 170
262 663 117
409 664 250
219 665 798
158 666 893
659 667 710
42 668 972
593 669 563
568 670 659
497 671 817
315 672 473
355 673 222
287 674 849
8 675 30
471 676 150
618 677 18
398 678 735
263 679 109
22 680 543
101 681 704
529 682 915
656 683 71
306 684 755
657 685 227
141 686 861
354 687 428
208 688 909
389 689 162
275 690 802
566 691 696
549 692 75
