24
[x]: {(0, 0), (1, 0), (2, 0), (3, 0), (4, 0), (4, 1), (0, 1), (1, 1), (2, 1), (3, 1), (3, 2), (4, 2), (0, 2), (1, 2), (2, 2), (2, 3), (3, 3), (4, 3), (0, 3), (1, 3), (1, 4), (2, 4), (3, 4), (4, 4)}
[i, j]: 0 4
[x]: {(0, 0), (1, 0), (2, 0), (3, 0), (4, 0), (4, 1), (0, 1), (1, 1), (2, 1), (3, 1), (3, 2), (4, 2), (0, 2), (1, 2), (2, 2), (2, 3), (3, 3), (4, 3), (0, 3), (0, 4), (1, 4), (2, 4), (3, 4), (4, 4)}
[i, j]: 1 3
[x]: {(0, 0), (1, 0), (2, 0), (3, 0), (4, 0), (4, 1), (0, 1), (1, 1), (2, 1), (2, 2), (3, 2), (4, 2), (0, 2), (1, 2), (1, 3), (2, 3), (3, 3), (4, 3), (0, 3), (0, 4), (1, 4), (2, 4), (3, 4), (4, 4)}
[i, j]: 3 1
[x]: {(0, 0), (1, 0), (2, 0), (3, 0), (3, 1), (4, 1), (0, 1), (1, 1), (2, 1), (2, 2), (3, 2), (4, 2), (0, 2), (1, 2), (1, 3), (2, 3), (3, 3), (4, 3), (0, 3), (0, 4), (1, 4), (2, 4), (3, 4), (4, 4)}
[i, j]: 4 0
[x]: {(0, 0), (1, 0), (2, 0), (2, 1), (3, 1), (3, 2), (4, 2), (0, 2), (0, 3), (1, 3), (1, 4), (2, 4), (3, 4), (3, 0), (4, 0), (4, 1), (0, 1), (1, 1), (1, 2), (2, 2), (2, 3), (3, 3), (4, 3), (4, 4)}
[i, j]: 0 4
[x]: {(0, 0), (1, 0), (2, 0), (2, 1), (3, 1), (3, 2), (4, 2), (0, 2), (0, 3), (0, 4), (1, 4), (2, 4), (3, 4), (3, 0), (4, 0), (4, 1), (0, 1), (1, 1), (1, 2), (2, 2), (2, 3), (3, 3), (4, 3), (4, 4)}
[i, j]: 1 3
[x]: {(0, 0), (1, 0), (2, 0), (2, 1), (2, 2), (3, 2), (4, 2), (0, 2), (0, 3), (0, 4), (1, 4), (2, 4), (3, 4), (3, 0), (4, 0), (4, 1), (0, 1), (1, 1), (1, 2), (1, 3), (2, 3), (3, 3), (4, 3), (4, 4)}
[i, j]: 3 1
[x]: {(0, 0), (1, 0), (2, 0), (2, 1), (2, 2), (3, 2), (4, 2), (0, 2), (0, 3), (0, 4), (1, 4), (2, 4), (3, 4), (3, 0), (3, 1), (4, 1), (0, 1), (1, 1), (1, 2), (1, 3), (2, 3), (3, 3), (4, 3), (4, 4)}
[i, j]: 4 0
[x]: {(0, 0), (1, 0), (1, 1), (2, 1), (3, 1), (3, 2), (4, 2), (4, 3), (0, 3), (1, 3), (1, 4), (2, 4), (2, 0), (3, 0), (4, 0), (4, 1), (0, 1), (0, 2), (1, 2), (2, 2), (2, 3), (3, 3), (3, 4), (4, 4)}
[i, j]: 0 4
[x]: {(0, 0), (1, 0), (1, 1), (2, 1), (3, 1), (3, 2), (4, 2), (4, 3), (0, 3), (0, 4), (1, 4), (2, 4), (2, 0), (3, 0), (4, 0), (4, 1), (0, 1), (0, 2), (1, 2), (2, 2), (2, 3), (3, 3), (3, 4), (4, 4)}
[i, j]: 1 3
[x]: {(0, 0), (1, 0), (1, 1), (2, 1), (2, 2), (3, 2), (4, 2), (4, 3), (0, 3), (0, 4), (1, 4), (2, 4), (2, 0), (3, 0), (4, 0), (4, 1), (0, 1), (0, 2), (1, 2), (1, 3), (2, 3), (3, 3), (3, 4), (4, 4)}
[i, j]: 3 1
[x]: {(0, 0), (1, 0), (1, 1), (2, 1), (2, 2), (3, 2), (4, 2), (4, 3), (0, 3), (0, 4), (1, 4), (2, 4), (2, 0), (3, 0), (3, 1), (4, 1), (0, 1), (0, 2), (1, 2), (1, 3), (2, 3), (3, 3), (3, 4), (4, 4)}
[i, j]: 4 0
[x]: {(0, 0), (1, 0), (1, 1), (1, 2), (2, 2), (2, 3), (3, 3), (3, 4), (3, 0), (4, 0), (4, 1), (0, 1), (0, 2), (0, 3), (1, 3), (1, 4), (2, 4), (2, 0), (2, 1), (3, 1), (3, 2), (4, 2), (4, 3), (4, 4)}
[i, j]: 0 4
[x]: {(0, 0), (1, 0), (1, 1), (1, 2), (2, 2), (2, 3), (3, 3), (3, 4), (3, 0), (4, 0), (4, 1), (0, 1), (0, 2), (0, 3), (0, 4), (1, 4), (2, 4), (2, 0), (2, 1), (3, 1), (3, 2), (4, 2), (4, 3), (4, 4)}
[i, j]: 1 3
[x]: {(0, 0), (1, 0), (1, 1), (1, 2), (1, 3), (2, 3), (3, 3), (3, 4), (3, 0), (4, 0), (4, 1), (0, 1), (0, 2), (0, 3), (0, 4), (1, 4), (2, 4), (2, 0), (2, 1), (2, 2), (3, 2), (4, 2), (4, 3), (4, 4)}
[i, j]: 3 1
[x]: {(0, 0), (1, 0), (1, 1), (1, 2), (1, 3), (2, 3), (3, 3), (3, 4), (3, 0), (3, 1), (4, 1), (0, 1), (0, 2), (0, 3), (0, 4), (1, 4), (2, 4), (2, 0), (2, 1), (2, 2), (3, 2), (4, 2), (4, 3), (4, 4)}
[i, j]: 4 0
[x]: {(0, 0), (0, 1), (1, 1), (2, 1), (3, 1), (3, 2), (3, 3), (4, 3), (0, 3), (1, 3), (1, 4), (1, 0), (2, 0), (3, 0), (4, 0), (4, 1), (4, 2), (0, 2), (1, 2), (2, 2), (2, 3), (2, 4), (3, 4), (4, 4)}
[i, j]: 0 4
[x]: {(0, 0), (0, 1), (1, 1), (2, 1), (3, 1), (3, 2), (3, 3), (4, 3), (0, 3), (0, 4), (1, 4), (1, 0), (2, 0), (3, 0), (4, 0), (4, 1), (4, 2), (0, 2), (1, 2), (2, 2), (2, 3), (2, 4), (3, 4), (4, 4)}
[i, j]: 1 3
[x]: {(0, 0), (0, 1), (1, 1), (2, 1), (2, 2), (3, 2), (3, 3), (4, 3), (0, 3), (0, 4), (1, 4), (1, 0), (2, 0), (3, 0), (4, 0), (4, 1), (4, 2), (0, 2), (1, 2), (1, 3), (2, 3), (2, 4), (3, 4), (4, 4)}
[i, j]: 3 1
[x]: {(0, 0), (0, 1), (1, 1), (2, 1), (2, 2), (3, 2), (3, 3), (4, 3), (0, 3), (0, 4), (1, 4), (1, 0), (2, 0), (3, 0), (3, 1), (4, 1), (4, 2), (0, 2), (1, 2), (1, 3), (2, 3), (2, 4), (3, 4), (4, 4)}
[i, j]: 4 0
[x]: {(0, 0), (0, 1), (1, 1), (1, 2), (2, 2), (2, 3), (2, 4), (3, 4), (3, 0), (4, 0), (4, 1), (4, 2), (0, 2), (0, 3), (1, 3), (1, 4), (1, 0), (2, 0), (2, 1), (3, 1), (3, 2), (3, 3), (4, 3), (4, 4)}
[i, j]: 0 4
[x]: {(0, 0), (0, 1), (1, 1), (1, 2), (2, 2), (2, 3), (2, 4), (3, 4), (3, 0), (4, 0), (4, 1), (4, 2), (0, 2), (0, 3), (0, 4), (1, 4), (1, 0), (2, 0), (2, 1), (3, 1), (3, 2), (3, 3), (4, 3), (4, 4)}
[i, j]: 1 3
[x]: {(0, 0), (0, 1), (1, 1), (1, 2), (1, 3), (2, 3), (2, 4), (3, 4), (3, 0), (4, 0), (4, 1), (4, 2), (0, 2), (0, 3), (0, 4), (1, 4), (1, 0), (2, 0), (2, 1), (2, 2), (3, 2), (3, 3), (4, 3), (4, 4)}
[i, j]: 3 1
[x]: {(0, 0), (0, 1), (1, 1), (1, 2), (1, 3), (2, 3), (2, 4), (3, 4), (3, 0), (3, 1), (4, 1), (4, 2), (0, 2), (0, 3), (0, 4), (1, 4), (1, 0), (2, 0), (2, 1), (2, 2), (3, 2), (3, 3), (4, 3), (4, 4)}
[i, j]: 4 0
[x]: {(0, 0), (0, 1), (0, 2), (1, 2), (2, 2), (2, 3), (2, 4), (2, 0), (3, 0), (4, 0), (4, 1), (4, 2), (4, 3), (0, 3), (1, 3), (1, 4), (1, 0), (1, 1), (2, 1), (3, 1), (3, 2), (3, 3), (3, 4), (4, 4)}
[i, j]: 0 4
[x]: {(0, 0), (0, 1), (0, 2), (1, 2), (2, 2), (2, 3), (2, 4), (2, 0), (3, 0), (4, 0), (4, 1), (4, 2), (4, 3), (0, 3), (0, 4), (1, 4), (1, 0), (1, 1), (2, 1), (3, 1), (3, 2), (3, 3), (3, 4), (4, 4)}
[i, j]: 1 3
[x]: {(0, 0), (0, 1), (0, 2), (1, 2), (1, 3), (2, 3), (2, 4), (2, 0), (3, 0), (4, 0), (4, 1), (4, 2), (4, 3), (0, 3), (0, 4), (1, 4), (1, 0), (1, 1), (2, 1), (2, 2), (3, 2), (3, 3), (3, 4), (4, 4)}
[i, j]: 3 1
[x]: {(0, 0), (0, 1), (0, 2), (1, 2), (1, 3), (2, 3), (2, 4), (2, 0), (3, 0), (3, 1), (4, 1), (4, 2), (4, 3), (0, 3), (0, 4), (1, 4), (1, 0), (1, 1), (2, 1), (2, 2), (3, 2), (3, 3), (3, 4), (4, 4)}
[i, j]: 4 0
[x]: {(0, 0), (0, 1), (0, 2), (0, 3), (1, 3), (1, 4), (1, 0), (1, 1), (1, 2), (2, 2), (2, 3), (2, 4), (2, 0), (2, 1), (3, 1), (3, 2), (3, 3), (3, 4), (3, 0), (4, 0), (4, 1), (4, 2), (4, 3), (4, 4)}
[i, j]: 0 4
[x]: {(0, 0), (0, 1), (0, 2), (0, 3), (0, 4), (1, 4), (1, 0), (1, 1), (1, 2), (2, 2), (2, 3), (2, 4), (2, 0), (2, 1), (3, 1), (3, 2), (3, 3), (3, 4), (3, 0), (4, 0), (4, 1), (4, 2), (4, 3), (4, 4)}
[i, j]: 1 3
[x]: {(0, 0), (0, 1), (0, 2), (0, 3), (0, 4), (1, 4), (1, 0), (1, 1), (1, 2), (1, 3), (2, 3), (2, 4), (2, 0), (2, 1), (2, 2), (3, 2), (3, 3), (3, 4), (3, 0), (4, 0), (4, 1), (4, 2), (4, 3), (4, 4)}
[i, j]: 3 1
[x]: {(0, 0), (0, 1), (0, 2), (0, 3), (0, 4), (1, 4), (1, 0), (1, 1), (1, 2), (1, 3), (2, 3), (2, 4), (2, 0), (2, 1), (2, 2), (3, 2), (3, 3), (3, 4), (3, 0), (3, 1), (4, 1), (4, 2), (4, 3), (4, 4)}
[i, j]: 4 0
[x]: {(0, 0), (1, 0), (2, 0), (3, 0), (4, 0), (4, 1), (0, 1), (1, 1), (2, 1), (3, 1), (3, 2), (4, 2), (0, 2), (1, 2), (2, 2), (2, 3), (3, 3), (4, 3), (4, 4)}
[i, j]: 0 3
[i, j]: 0 4
[i, j]: 1 3
[i, j]: 1 4
[i, j]: 2 4
[i, j]: 3 4
[x]: {(0, 0), (1, 0), (2, 0), (3, 0), (4, 0), (4, 1), (0, 1), (1, 1), (2, 1), (3, 1), (3, 2), (4, 2), (0, 2), (1, 2), (2, 2), (2, 3), (3, 3), (3, 4), (4, 4)}
[i, j]: 0 3
[i, j]: 0 4
[i, j]: 1 3
[i, j]: 1 4
[i, j]: 2 4
[i, j]: 4 3
[x]: {(0, 0), (1, 0), (2, 0), (3, 0), (4, 0), (4, 1), (0, 1), (1, 1), (2, 1), (2, 2), (3, 2), (4, 2), (4, 3), (0, 3), (1, 3), (2, 3), (3, 3), (3, 4), (4, 4)}
[i, j]: 0 2
[i, j]: 0 4
[i, j]: 1 2
[i, j]: 1 4
[i, j]: 2 4
[i, j]: 3 1
[x]: {(0, 0), (1, 0), (2, 0), (3, 0), (4, 0), (4, 1), (0, 1), (1, 1), (2, 1), (2, 2), (3, 2), (4, 2), (0, 2), (1, 2), (1, 3), (2, 3), (3, 3), (4, 3), (4, 4)}
[i, j]: 0 3
[i, j]: 0 4
[i, j]: 1 4
[i, j]: 2 4
[i, j]: 3 1
[i, j]: 3 4
[x]: {(0, 0), (1, 0), (2, 0), (3, 0), (4, 0), (4, 1), (0, 1), (1, 1), (2, 1), (2, 2), (3, 2), (4, 2), (0, 2), (1, 2), (1, 3), (2, 3), (3, 3), (3, 4), (4, 4)}
[i, j]: 0 3
[i, j]: 0 4
[i, j]: 1 4
[i, j]: 2 4
[i, j]: 3 1
[i, j]: 4 3
[x]: {(0, 0), (1, 0), (2, 0), (3, 0), (4, 0), (4, 1), (0, 1), (1, 1), (2, 1), (2, 2), (3, 2), (4, 2), (0, 2), (0, 3), (1, 3), (2, 3), (3, 3), (4, 3), (4, 4)}
[i, j]: 0 4
[i, j]: 1 2
[i, j]: 1 4
[i, j]: 2 4
[i, j]: 3 1
[i, j]: 3 4
[x]: {(0, 0), (1, 0), (2, 0), (3, 0), (4, 0), (4, 1), (0, 1), (1, 1), (2, 1), (2, 2), (3, 2), (4, 2), (0, 2), (0, 3), (1, 3), (2, 3), (3, 3), (3, 4), (4, 4)}
[i, j]: 0 4
[i, j]: 1 2
[i, j]: 1 4
[i, j]: 2 4
[i, j]: 3 1
[i, j]: 4 3
[x]: {(0, 0), (1, 0), (2, 0), (3, 0), (4, 0), (4, 1), (0, 1), (1, 1), (2, 1), (2, 2), (3, 2), (3, 3), (4, 3), (0, 3), (1, 3), (2, 3), (2, 4), (3, 4), (4, 4)}
[i, j]: 0 2
[i, j]: 0 4
[i, j]: 1 2
[i, j]: 1 4
[i, j]: 3 1
[i, j]: 4 2
[x]: {(0, 0), (1, 0), (2, 0), (3, 0), (4, 0), (4, 1), (0, 1), (1, 1), (2, 1), (2, 2), (3, 2), (3, 3), (4, 3), (0, 3), (1, 3), (1, 4), (2, 4), (3, 4), (4, 4)}
[i, j]: 0 2
[i, j]: 0 4
[i, j]: 1 2
[i, j]: 2 3
[i, j]: 3 1
[i, j]: 4 2
[x]: {(0, 0), (1, 0), (2, 0), (3, 0), (4, 0), (4, 1), (0, 1), (1, 1), (2, 1), (2, 2), (3, 2), (3, 3), (4, 3), (0, 3), (0, 4), (1, 4), (2, 4), (3, 4), (4, 4)}
[i, j]: 0 2
[i, j]: 1 2
[i, j]: 1 3
[i, j]: 2 3
[i, j]: 3 1
[i, j]: 4 2
[x]: {(0, 0), (1, 0), (2, 0), (3, 0), (4, 0), (4, 1), (0, 1), (1, 1), (2, 1), (2, 2), (2, 3), (3, 3), (4, 3), (0, 3), (1, 3), (1, 4), (2, 4), (3, 4), (4, 4)}
[i, j]: 0 2
[i, j]: 0 4
[i, j]: 1 2
[i, j]: 3 1
[i, j]: 3 2
[i, j]: 4 2
[x]: {(0, 0), (1, 0), (2, 0), (3, 0), (4, 0), (4, 1), (0, 1), (1, 1), (2, 1), (2, 2), (2, 3), (3, 3), (4, 3), (0, 3), (0, 4), (1, 4), (2, 4), (3, 4), (4, 4)}
[i, j]: 0 2
[i, j]: 1 2
[i, j]: 1 3
[i, j]: 3 1
[i, j]: 3 2
[i, j]: 4 2
[x]: {(0, 0), (1, 0), (2, 0), (3, 0), (4, 0), (4, 1), (0, 1), (1, 1), (1, 2), (2, 2), (3, 2), (4, 2), (4, 3), (0, 3), (1, 3), (2, 3), (3, 3), (3, 4), (4, 4)}
[i, j]: 0 2
[i, j]: 0 4
[i, j]: 1 4
[i, j]: 2 1
[i, j]: 2 4
[i, j]: 3 1
[x]: {(0, 0), (1, 0), (2, 0), (3, 0), (4, 0), (4, 1), (0, 1), (1, 1), (1, 2), (2, 2), (3, 2), (4, 2), (0, 2), (0, 3), (1, 3), (2, 3), (3, 3), (4, 3), (4, 4)}
[i, j]: 0 4
[i, j]: 1 4
[i, j]: 2 1
[i, j]: 2 4
[i, j]: 3 1
[i, j]: 3 4
[x]: {(0, 0), (1, 0), (2, 0), (3, 0), (4, 0), (4, 1), (0, 1), (1, 1), (1, 2), (2, 2), (3, 2), (4, 2), (0, 2), (0, 3), (1, 3), (2, 3), (3, 3), (3, 4), (4, 4)}
[i, j]: 0 4
[i, j]: 1 4
[i, j]: 2 1
[i, j]: 2 4
[i, j]: 3 1
[i, j]: 4 3
[x]: {(0, 0), (1, 0), (2, 0), (3, 0), (4, 0), (4, 1), (0, 1), (1, 1), (1, 2), (2, 2), (3, 2), (3, 3), (4, 3), (0, 3), (1, 3), (2, 3), (2, 4), (3, 4), (4, 4)}
[i, j]: 0 2
[i, j]: 0 4
[i, j]: 1 4
[i, j]: 2 1
[i, j]: 3 1
[i, j]: 4 2
[x]: {(0, 0), (1, 0), (2, 0), (3, 0), (4, 0), (4, 1), (0, 1), (1, 1), (1, 2), (2, 2), (3, 2), (3, 3), (4, 3), (0, 3), (1, 3), (1, 4), (2, 4), (3, 4), (4, 4)}
[i, j]: 0 2
[i, j]: 0 4
[i, j]: 2 1
[i, j]: 2 3
[i, j]: 3 1
[i, j]: 4 2
[x]: {(0, 0), (1, 0), (2, 0), (3, 0), (4, 0), (4, 1), (0, 1), (1, 1), (1, 2), (2, 2), (3, 2), (3, 3), (4, 3), (0, 3), (0, 4), (1, 4), (2, 4), (3, 4), (4, 4)}
[i, j]: 0 2
[i, j]: 1 3
[i, j]: 2 1
[i, j]: 2 3
[i, j]: 3 1
[i, j]: 4 2
[x]: {(0, 0), (1, 0), (2, 0), (3, 0), (4, 0), (4, 1), (0, 1), (1, 1), (1, 2), (2, 2), (2, 3), (3, 3), (4, 3), (0, 3), (1, 3), (1, 4), (2, 4), (3, 4), (4, 4)}
[i, j]: 0 2
[i, j]: 0 4
[i, j]: 2 1
[i, j]: 3 1
[i, j]: 3 2
[i, j]: 4 2
[x]: {(0, 0), (1, 0), (2, 0), (3, 0), (4, 0), (4, 1), (0, 1), (1, 1), (1, 2), (2, 2), (2, 3), (3, 3), (4, 3), (0, 3), (0, 4), (1, 4), (2, 4), (3, 4), (4, 4)}
[i, j]: 0 2
[i, j]: 1 3
[i, j]: 2 1
[i, j]: 3 1
[i, j]: 3 2
[i, j]: 4 2
[x]: {(0, 0), (1, 0), (2, 0), (3, 0), (3, 1), (4, 1), (0, 1), (1, 1), (2, 1), (2, 2), (3, 2), (4, 2), (4, 3), (0, 3), (1, 3), (2, 3), (3, 3), (3, 4), (4, 4)}
[i, j]: 0 2
[i, j]: 0 4
[i, j]: 1 2
[i, j]: 1 4
[i, j]: 2 4
[i, j]: 4 0
[x]: {(0, 0), (1, 0), (2, 0), (3, 0), (3, 1), (4, 1), (0, 1), (1, 1), (2, 1), (2, 2), (3, 2), (4, 2), (0, 2), (1, 2), (1, 3), (2, 3), (3, 3), (4, 3), (4, 4)}
[i, j]: 0 3
[i, j]: 0 4
[i, j]: 1 4
[i, j]: 2 4
[i, j]: 3 4
[i, j]: 4 0
[x]: {(0, 0), (1, 0), (2, 0), (3, 0), (3, 1), (4, 1), (0, 1), (1, 1), (2, 1), (2, 2), (3, 2), (4, 2), (0, 2), (1, 2), (1, 3), (2, 3), (3, 3), (3, 4), (4, 4)}
[i, j]: 0 3
[i, j]: 0 4
[i, j]: 1 4
[i, j]: 2 4
[i, j]: 4 0
[i, j]: 4 3
[x]: {(0, 0), (1, 0), (2, 0), (3, 0), (3, 1), (4, 1), (0, 1), (1, 1), (2, 1), (2, 2), (3, 2), (4, 2), (0, 2), (0, 3), (1, 3), (2, 3), (3, 3), (4, 3), (4, 4)}
[i, j]: 0 4
[i, j]: 1 2
[i, j]: 1 4
[i, j]: 2 4
[i, j]: 3 4
[i, j]: 4 0
[x]: {(0, 0), (1, 0), (2, 0), (3, 0), (3, 1), (4, 1), (0, 1), (1, 1), (2, 1), (2, 2), (3, 2), (4, 2), (0, 2), (0, 3), (1, 3), (2, 3), (3, 3), (3, 4), (4, 4)}
[i, j]: 0 4
[i, j]: 1 2
[i, j]: 1 4
[i, j]: 2 4
[i, j]: 4 0
[i, j]: 4 3
[x]: {(0, 0), (1, 0), (2, 0), (3, 0), (3, 1), (4, 1), (0, 1), (1, 1), (2, 1), (2, 2), (3, 2), (3, 3), (4, 3), (0, 3), (1, 3), (2, 3), (2, 4), (3, 4), (4, 4)}
[i, j]: 0 2
[i, j]: 0 4
[i, j]: 1 2
[i, j]: 1 4
[i, j]: 4 0
[i, j]: 4 2
[x]: {(0, 0), (1, 0), (2, 0), (3, 0), (3, 1), (4, 1), (0, 1), (1, 1), (2, 1), (2, 2), (3, 2), (3, 3), (4, 3), (0, 3), (1, 3), (1, 4), (2, 4), (3, 4), (4, 4)}
[i, j]: 0 2
[i, j]: 0 4
[i, j]: 1 2
[i, j]: 2 3
[i, j]: 4 0
[i, j]: 4 2
[x]: {(0, 0), (1, 0), (2, 0), (3, 0), (3, 1), (4, 1), (0, 1), (1, 1), (2, 1), (2, 2), (3, 2), (3, 3), (4, 3), (0, 3), (0, 4), (1, 4), (2, 4), (3, 4), (4, 4)}
[i, j]: 0 2
[i, j]: 1 2
[i, j]: 1 3
[i, j]: 2 3
[i, j]: 4 0
[i, j]: 4 2
[x]: {(0, 0), (1, 0), (2, 0), (3, 0), (3, 1), (4, 1), (0, 1), (1, 1), (2, 1), (2, 2), (2, 3), (3, 3), (4, 3), (0, 3), (1, 3), (1, 4), (2, 4), (3, 4), (4, 4)}
[i, j]: 0 2
[i, j]: 0 4
[i, j]: 1 2
[i, j]: 3 2
[i, j]: 4 0
[i, j]: 4 2
[x]: {(0, 0), (1, 0), (2, 0), (3, 0), (3, 1), (4, 1), (0, 1), (1, 1), (2, 1), (2, 2), (2, 3), (3, 3), (4, 3), (0, 3), (0, 4), (1, 4), (2, 4), (3, 4), (4, 4)}
[i, j]: 0 2
[i, j]: 1 2
[i, j]: 1 3
[i, j]: 3 2
[i, j]: 4 0
[i, j]: 4 2
[x]: {(0, 0), (1, 0), (2, 0), (3, 0), (3, 1), (4, 1), (0, 1), (1, 1), (1, 2), (2, 2), (3, 2), (4, 2), (4, 3), (0, 3), (1, 3), (2, 3), (3, 3), (3, 4), (4, 4)}
[i, j]: 0 2
[i, j]: 0 4
[i, j]: 1 4
[i, j]: 2 1
[i, j]: 2 4
[i, j]: 4 0
[x]: {(0, 0), (1, 0), (2, 0), (3, 0), (3, 1), (4, 1), (0, 1), (1, 1), (1, 2), (2, 2), (3, 2), (4, 2), (0, 2), (0, 3), (1, 3), (2, 3), (3, 3), (4, 3), (4, 4)}
[i, j]: 0 4
[i, j]: 1 4
[i, j]: 2 1
[i, j]: 2 4
[i, j]: 3 4
[i, j]: 4 0
[x]: {(0, 0), (1, 0), (2, 0), (3, 0), (3, 1), (4, 1), (0, 1), (1, 1), (1, 2), (2, 2), (3, 2), (4, 2), (0, 2), (0, 3), (1, 3), (2, 3), (3, 3), (3, 4), (4, 4)}
[i, j]: 0 4
[i, j]: 1 4
[i, j]: 2 1
[i, j]: 2 4
[i, j]: 4 0
[i, j]: 4 3
[x]: {(0, 0), (1, 0), (2, 0), (3, 0), (3, 1), (4, 1), (0, 1), (1, 1), (1, 2), (2, 2), (3, 2), (3, 3), (4, 3), (0, 3), (1, 3), (2, 3), (2, 4), (3, 4), (4, 4)}
[i, j]: 0 2
[i, j]: 0 4
[i, j]: 1 4
[i, j]: 2 1
[i, j]: 4 0
[i, j]: 4 2
[x]: {(0, 0), (1, 0), (2, 0), (3, 0), (3, 1), (4, 1), (0, 1), (1, 1), (1, 2), (2, 2), (3, 2), (3, 3), (4, 3), (0, 3), (1, 3), (1, 4), (2, 4), (3, 4), (4, 4)}
[i, j]: 0 2
[i, j]: 0 4
[i, j]: 2 1
[i, j]: 2 3
[i, j]: 4 0
[i, j]: 4 2
[x]: {(0, 0), (1, 0), (2, 0), (3, 0), (3, 1), (4, 1), (0, 1), (1, 1), (1, 2), (2, 2), (3, 2), (3, 3), (4, 3), (0, 3), (0, 4), (1, 4), (2, 4), (3, 4), (4, 4)}
[i, j]: 0 2
[i, j]: 1 3
[i, j]: 2 1
[i, j]: 2 3
[i, j]: 4 0
[i, j]: 4 2
[x]: {(0, 0), (1, 0), (2, 0), (3, 0), (3, 1), (4, 1), (0, 1), (1, 1), (1, 2), (2, 2), (2, 3), (3, 3), (4, 3), (0, 3), (1, 3), (1, 4), (2, 4), (3, 4), (4, 4)}
[i, j]: 0 2
[i, j]: 0 4
[i, j]: 2 1
[i, j]: 3 2
[i, j]: 4 0
[i, j]: 4 2
[x]: {(0, 0), (1, 0), (2, 0), (3, 0), (3, 1), (4, 1), (0, 1), (1, 1), (1, 2), (2, 2), (2, 3), (3, 3), (4, 3), (0, 3), (0, 4), (1, 4), (2, 4), (3, 4), (4, 4)}
[i, j]: 0 2
[i, j]: 1 3
[i, j]: 2 1
[i, j]: 3 2
[i, j]: 4 0
[i, j]: 4 2
[x]: {(0, 0), (1, 0), (2, 0), (2, 1), (3, 1), (4, 1), (0, 1), (1, 1), (1, 2), (2, 2), (3, 2), (4, 2), (4, 3), (0, 3), (1, 3), (2, 3), (3, 3), (3, 4), (4, 4)}
[i, j]: 0 2
[i, j]: 0 4
[i, j]: 1 4
[i, j]: 2 4
[i, j]: 3 0
[i, j]: 4 0
[x]: {(0, 0), (1, 0), (2, 0), (2, 1), (3, 1), (4, 1), (0, 1), (1, 1), (1, 2), (2, 2), (3, 2), (4, 2), (0, 2), (0, 3), (1, 3), (2, 3), (3, 3), (4, 3), (4, 4)}
[i, j]: 0 4
[i, j]: 1 4
[i, j]: 2 4
[i, j]: 3 0
[i, j]: 3 4
[i, j]: 4 0
[x]: {(0, 0), (1, 0), (2, 0), (2, 1), (3, 1), (4, 1), (0, 1), (1, 1), (1, 2), (2, 2), (3, 2), (4, 2), (0, 2), (0, 3), (1, 3), (2, 3), (3, 3), (3, 4), (4, 4)}
[i, j]: 0 4
[i, j]: 1 4
[i, j]: 2 4
[i, j]: 3 0
[i, j]: 4 0
[i, j]: 4 3
[x]: {(0, 0), (1, 0), (2, 0), (2, 1), (3, 1), (4, 1), (0, 1), (1, 1), (1, 2), (2, 2), (3, 2), (3, 3), (4, 3), (0, 3), (1, 3), (2, 3), (2, 4), (3, 4), (4, 4)}
[i, j]: 0 2
[i, j]: 0 4
[i, j]: 1 4
[i, j]: 3 0
[i, j]: 4 0
[i, j]: 4 2
[x]: {(0, 0), (1, 0), (2, 0), (2, 1), (3, 1), (4, 1), (0, 1), (1, 1), (1, 2), (2, 2), (3, 2), (3, 3), (4, 3), (0, 3), (1, 3), (1, 4), (2, 4), (3, 4), (4, 4)}
[i, j]: 0 2
[i, j]: 0 4
[i, j]: 2 3
[i, j]: 3 0
[i, j]: 4 0
[i, j]: 4 2
[x]: {(0, 0), (1, 0), (2, 0), (2, 1), (3, 1), (4, 1), (0, 1), (1, 1), (1, 2), (2, 2), (3, 2), (3, 3), (4, 3), (0, 3), (0, 4), (1, 4), (2, 4), (3, 4), (4, 4)}
[i, j]: 0 2
[i, j]: 1 3
[i, j]: 2 3
[i, j]: 3 0
[i, j]: 4 0
[i, j]: 4 2
[x]: {(0, 0), (1, 0), (2, 0), (2, 1), (3, 1), (4, 1), (0, 1), (1, 1), (1, 2), (2, 2), (2, 3), (3, 3), (4, 3), (0, 3), (1, 3), (1, 4), (2, 4), (3, 4), (4, 4)}
[i, j]: 0 2
[i, j]: 0 4
[i, j]: 3 0
[i, j]: 3 2
[i, j]: 4 0
[i, j]: 4 2
[x]: {(0, 0), (1, 0), (2, 0), (2, 1), (3, 1), (4, 1), (0, 1), (1, 1), (1, 2), (2, 2), (2, 3), (3, 3), (4, 3), (0, 3), (0, 4), (1, 4), (2, 4), (3, 4), (4, 4)}
[i, j]: 0 2
[i, j]: 1 3
[i, j]: 3 0
[i, j]: 3 2
[i, j]: 4 0
[i, j]: 4 2
[x]: {(0, 0), (1, 0), (1, 1), (2, 1), (3, 1), (4, 1), (4, 2), (0, 2), (1, 2), (2, 2), (3, 2), (3, 3), (4, 3), (0, 3), (1, 3), (2, 3), (2, 4), (3, 4), (4, 4)}
[i, j]: 0 1
[i, j]: 0 4
[i, j]: 1 4
[i, j]: 2 0
[i, j]: 3 0
[i, j]: 4 0
[x]: {(0, 0), (1, 0), (1, 1), (2, 1), (3, 1), (4, 1), (4, 2), (0, 2), (1, 2), (2, 2), (3, 2), (3, 3), (4, 3), (0, 3), (1, 3), (1, 4), (2, 4), (3, 4), (4, 4)}
[i, j]: 0 1
[i, j]: 0 4
[i, j]: 2 0
[i, j]: 2 3
[i, j]: 3 0
[i, j]: 4 0
[x]: {(0, 0), (1, 0), (1, 1), (2, 1), (3, 1), (4, 1), (4, 2), (0, 2), (1, 2), (2, 2), (3, 2), (3, 3), (4, 3), (0, 3), (0, 4), (1, 4), (2, 4), (3, 4), (4, 4)}
[i, j]: 0 1
[i, j]: 1 3
[i, j]: 2 0
[i, j]: 2 3
[i, j]: 3 0
[i, j]: 4 0
[x]: {(0, 0), (1, 0), (1, 1), (2, 1), (3, 1), (4, 1), (4, 2), (0, 2), (1, 2), (2, 2), (2, 3), (3, 3), (4, 3), (0, 3), (1, 3), (1, 4), (2, 4), (3, 4), (4, 4)}
[i, j]: 0 1
[i, j]: 0 4
[i, j]: 2 0
[i, j]: 3 0
[i, j]: 3 2
[i, j]: 4 0
[x]: {(0, 0), (1, 0), (1, 1), (2, 1), (3, 1), (4, 1), (4, 2), (0, 2), (1, 2), (2, 2), (2, 3), (3, 3), (4, 3), (0, 3), (0, 4), (1, 4), (2, 4), (3, 4), (4, 4)}
[i, j]: 0 1
[i, j]: 1 3
[i, j]: 2 0
[i, j]: 3 0
[i, j]: 3 2
[i, j]: 4 0
[x]: {(0, 0), (1, 0), (1, 1), (2, 1), (3, 1), (4, 1), (0, 1), (0, 2), (1, 2), (2, 2), (3, 2), (4, 2), (4, 3), (0, 3), (1, 3), (2, 3), (3, 3), (3, 4), (4, 4)}
[i, j]: 0 4
[i, j]: 1 4
[i, j]: 2 0
[i, j]: 2 4
[i, j]: 3 0
[i, j]: 4 0
[x]: {(0, 0), (1, 0), (1, 1), (2, 1), (3, 1), (4, 1), (0, 1), (0, 2), (1, 2), (2, 2), (3, 2), (3, 3), (4, 3), (0, 3), (1, 3), (2, 3), (2, 4), (3, 4), (4, 4)}
[i, j]: 0 4
[i, j]: 1 4
[i, j]: 2 0
[i, j]: 3 0
[i, j]: 4 0
[i, j]: 4 2
[x]: {(0, 0), (1, 0), (1, 1), (2, 1), (3, 1), (4, 1), (0, 1), (0, 2), (1, 2), (2, 2), (3, 2), (3, 3), (4, 3), (0, 3), (1, 3), (1, 4), (2, 4), (3, 4), (4, 4)}
[i, j]: 0 4
[i, j]: 2 0
[i, j]: 2 3
[i, j]: 3 0
[i, j]: 4 0
[i, j]: 4 2
[x]: {(0, 0), (1, 0), (1, 1), (2, 1), (3, 1), (4, 1), (0, 1), (0, 2), (1, 2), (2, 2), (3, 2), (3, 3), (4, 3), (0, 3), (0, 4), (1, 4), (2, 4), (3, 4), (4, 4)}
[i, j]: 1 3
[i, j]: 2 0
[i, j]: 2 3
[i, j]: 3 0
[i, j]: 4 0
[i, j]: 4 2
[x]: {(0, 0), (1, 0), (1, 1), (2, 1), (3, 1), (4, 1), (0, 1), (0, 2), (1, 2), (2, 2), (2, 3), (3, 3), (4, 3), (0, 3), (1, 3), (1, 4), (2, 4), (3, 4), (4, 4)}
[i, j]: 0 4
[i, j]: 2 0
[i, j]: 3 0
[i, j]: 3 2
[i, j]: 4 0
[i, j]: 4 2
[x]: {(0, 0), (1, 0), (1, 1), (2, 1), (3, 1), (4, 1), (0, 1), (0, 2), (1, 2), (2, 2), (2, 3), (3, 3), (4, 3), (0, 3), (0, 4), (1, 4), (2, 4), (3, 4), (4, 4)}
[i, j]: 1 3
[i, j]: 2 0
[i, j]: 3 0
[i, j]: 3 2
[i, j]: 4 0
[i, j]: 4 2
[x]: {(0, 0), (1, 0), (1, 1), (2, 1), (3, 1), (3, 2), (4, 2), (0, 2), (1, 2), (2, 2), (2, 3), (3, 3), (4, 3), (0, 3), (1, 3), (1, 4), (2, 4), (3, 4), (4, 4)}
[i, j]: 0 1
[i, j]: 0 4
[i, j]: 2 0
[i, j]: 3 0
[i, j]: 4 0
[i, j]: 4 1
[x]: {(0, 0), (1, 0), (1, 1), (2, 1), (3, 1), (3, 2), (4, 2), (0, 2), (1, 2), (2, 2), (2, 3), (3, 3), (4, 3), (0, 3), (0, 4), (1, 4), (2, 4), (3, 4), (4, 4)}
[i, j]: 0 1
[i, j]: 1 3
[i, j]: 2 0
[i, j]: 3 0
[i, j]: 4 0
[i, j]: 4 1
[x]: {(0, 0), (1, 0), (1, 1), (2, 1), (2, 2), (3, 2), (4, 2), (0, 2), (1, 2), (1, 3), (2, 3), (3, 3), (4, 3), (0, 3), (0, 4), (1, 4), (2, 4), (3, 4), (4, 4)}
[i, j]: 0 1
[i, j]: 2 0
[i, j]: 3 0
[i, j]: 3 1
[i, j]: 4 0
[i, j]: 4 1
[x]: {(0, 0), (1, 0), (1, 1), (1, 2), (2, 2), (2, 3), (2, 4), (2, 0), (2, 1), (3, 1), (3, 2), (3, 3), (3, 4), (3, 0), (4, 0), (4, 1), (4, 2), (4, 3), (4, 4)}
[i, j]: 0 1
[i, j]: 0 2
[i, j]: 0 3
[i, j]: 0 4
[i, j]: 1 3
[i, j]: 1 4
[x]: {(0, 0), (1, 0), (1, 1), (1, 2), (1, 3), (2, 3), (2, 4), (2, 0), (2, 1), (2, 2), (3, 2), (3, 3), (3, 4), (3, 0), (4, 0), (4, 1), (4, 2), (4, 3), (4, 4)}
[i, j]: 0 1
[i, j]: 0 2
[i, j]: 0 3
[i, j]: 0 4
[i, j]: 1 4
[i, j]: 3 1
[x]: {(0, 0), (1, 0), (1, 1), (1, 2), (1, 3), (2, 3), (2, 4), (2, 0), (2, 1), (2, 2), (3, 2), (3, 3), (3, 4), (3, 0), (3, 1), (4, 1), (4, 2), (4, 3), (4, 4)}
[i, j]: 0 1
[i, j]: 0 2
[i, j]: 0 3
[i, j]: 0 4
[i, j]: 1 4
[i, j]: 4 0
[x]: {(0, 0), (1, 0), (1, 1), (1, 2), (1, 3), (1, 4), (2, 4), (2, 0), (2, 1), (2, 2), (3, 2), (3, 3), (3, 4), (3, 0), (4, 0), (4, 1), (4, 2), (4, 3), (4, 4)}
[i, j]: 0 1
[i, j]: 0 2
[i, j]: 0 3
[i, j]: 0 4
[i, j]: 2 3
[i, j]: 3 1
[x]: {(0, 0), (1, 0), (1, 1), (1, 2), (1, 3), (1, 4), (2, 4), (2, 0), (2, 1), (2, 2), (3, 2), (3, 3), (3, 4), (3, 0), (3, 1), (4, 1), (4, 2), (4, 3), (4, 4)}
[i, j]: 0 1
[i, j]: 0 2
[i, j]: 0 3
[i, j]: 0 4
[i, j]: 2 3
[i, j]: 4 0
[x]: {(0, 0), (1, 0), (1, 1), (1, 2), (1, 3), (1, 4), (2, 4), (2, 0), (2, 1), (2, 2), (2, 3), (3, 3), (3, 4), (3, 0), (4, 0), (4, 1), (4, 2), (4, 3), (4, 4)}
[i, j]: 0 1
[i, j]: 0 2
[i, j]: 0 3
[i, j]: 0 4
[i, j]: 3 1
[i, j]: 3 2
[x]: {(0, 0), (1, 0), (1, 1), (1, 2), (1, 3), (1, 4), (2, 4), (2, 0), (2, 1), (2, 2), (2, 3), (3, 3), (3, 4), (3, 0), (3, 1), (4, 1), (4, 2), (4, 3), (4, 4)}
[i, j]: 0 1
[i, j]: 0 2
[i, j]: 0 3
[i, j]: 0 4
[i, j]: 3 2
[i, j]: 4 0
[x]: {(0, 0), (1, 0), (1, 1), (1, 2), (1, 3), (1, 4), (2, 4), (2, 0), (2, 1), (2, 2), (2, 3), (3, 3), (3, 4), (3, 0), (3, 1), (3, 2), (4, 2), (4, 3), (4, 4)}
[i, j]: 0 1
[i, j]: 0 2
[i, j]: 0 3
[i, j]: 0 4
[i, j]: 4 0
[i, j]: 4 1
[x]: {(0, 0), (0, 1), (1, 1), (2, 1), (3, 1), (4, 1), (4, 2), (0, 2), (1, 2), (2, 2), (3, 2), (3, 3), (4, 3), (0, 3), (1, 3), (2, 3), (2, 4), (3, 4), (4, 4)}
[i, j]: 0 4
[i, j]: 1 0
[i, j]: 1 4
[i, j]: 2 0
[i, j]: 3 0
[i, j]: 4 0
[x]: {(0, 0), (0, 1), (1, 1), (2, 1), (3, 1), (4, 1), (4, 2), (0, 2), (1, 2), (2, 2), (3, 2), (3, 3), (4, 3), (0, 3), (1, 3), (1, 4), (2, 4), (3, 4), (4, 4)}
[i, j]: 0 4
[i, j]: 1 0
[i, j]: 2 0
[i, j]: 2 3
[i, j]: 3 0
[i, j]: 4 0
[x]: {(0, 0), (0, 1), (1, 1), (2, 1), (3, 1), (4, 1), (4, 2), (0, 2), (1, 2), (2, 2), (3, 2), (3, 3), (4, 3), (0, 3), (0, 4), (1, 4), (2, 4), (3, 4), (4, 4)}
[i, j]: 1 0
[i, j]: 1 3
[i, j]: 2 0
[i, j]: 2 3
[i, j]: 3 0
[i, j]: 4 0
[x]: {(0, 0), (0, 1), (1, 1), (2, 1), (3, 1), (4, 1), (4, 2), (0, 2), (1, 2), (2, 2), (2, 3), (3, 3), (4, 3), (0, 3), (1, 3), (1, 4), (2, 4), (3, 4), (4, 4)}
[i, j]: 0 4
[i, j]: 1 0
[i, j]: 2 0
[i, j]: 3 0
[i, j]: 3 2
[i, j]: 4 0
[x]: {(0, 0), (0, 1), (1, 1), (2, 1), (3, 1), (4, 1), (4, 2), (0, 2), (1, 2), (2, 2), (2, 3), (3, 3), (4, 3), (0, 3), (0, 4), (1, 4), (2, 4), (3, 4), (4, 4)}
[i, j]: 1 0
[i, j]: 1 3
[i, j]: 2 0
[i, j]: 3 0
[i, j]: 3 2
[i, j]: 4 0
[x]: {(0, 0), (0, 1), (1, 1), (2, 1), (3, 1), (3, 2), (4, 2), (0, 2), (1, 2), (2, 2), (2, 3), (3, 3), (4, 3), (0, 3), (1, 3), (1, 4), (2, 4), (3, 4), (4, 4)}
[i, j]: 0 4
[i, j]: 1 0
[i, j]: 2 0
[i, j]: 3 0
[i, j]: 4 0
[i, j]: 4 1
[x]: {(0, 0), (0, 1), (1, 1), (2, 1), (3, 1), (3, 2), (4, 2), (0, 2), (1, 2), (2, 2), (2, 3), (3, 3), (4, 3), (0, 3), (0, 4), (1, 4), (2, 4), (3, 4), (4, 4)}
[i, j]: 1 0
[i, j]: 1 3
[i, j]: 2 0
[i, j]: 3 0
[i, j]: 4 0
[i, j]: 4 1
[x]: {(0, 0), (0, 1), (1, 1), (2, 1), (2, 2), (3, 2), (4, 2), (0, 2), (1, 2), (1, 3), (2, 3), (3, 3), (4, 3), (0, 3), (0, 4), (1, 4), (2, 4), (3, 4), (4, 4)}
[i, j]: 1 0
[i, j]: 2 0
[i, j]: 3 0
[i, j]: 3 1
[i, j]: 4 0
[i, j]: 4 1
[x]: {(0, 0), (0, 1), (1, 1), (1, 2), (2, 2), (2, 3), (2, 4), (2, 0), (2, 1), (3, 1), (3, 2), (3, 3), (3, 4), (3, 0), (4, 0), (4, 1), (4, 2), (4, 3), (4, 4)}
[i, j]: 0 2
[i, j]: 0 3
[i, j]: 0 4
[i, j]: 1 0
[i, j]: 1 3
[i, j]: 1 4
[x]: {(0, 0), (0, 1), (1, 1), (1, 2), (1, 3), (2, 3), (2, 4), (2, 0), (2, 1), (2, 2), (3, 2), (3, 3), (3, 4), (3, 0), (4, 0), (4, 1), (4, 2), (4, 3), (4, 4)}
[i, j]: 0 2
[i, j]: 0 3
[i, j]: 0 4
[i, j]: 1 0
[i, j]: 1 4
[i, j]: 3 1
[x]: {(0, 0), (0, 1), (1, 1), (1, 2), (1, 3), (2, 3), (2, 4), (2, 0), (2, 1), (2, 2), (3, 2), (3, 3), (3, 4), (3, 0), (3, 1), (4, 1), (4, 2), (4, 3), (4, 4)}
[i, j]: 0 2
[i, j]: 0 3
[i, j]: 0 4
[i, j]: 1 0
[i, j]: 1 4
[i, j]: 4 0
[x]: {(0, 0), (0, 1), (1, 1), (1, 2), (1, 3), (1, 4), (2, 4), (2, 0), (2, 1), (2, 2), (3, 2), (3, 3), (3, 4), (3, 0), (4, 0), (4, 1), (4, 2), (4, 3), (4, 4)}
[i, j]: 0 2
[i, j]: 0 3
[i, j]: 0 4
[i, j]: 1 0
[i, j]: 2 3
[i, j]: 3 1
[x]: {(0, 0), (0, 1), (1, 1), (1, 2), (1, 3), (1, 4), (2, 4), (2, 0), (2, 1), (2, 2), (3, 2), (3, 3), (3, 4), (3, 0), (3, 1), (4, 1), (4, 2), (4, 3), (4, 4)}
[i, j]: 0 2
[i, j]: 0 3
[i, j]: 0 4
[i, j]: 1 0
[i, j]: 2 3
[i, j]: 4 0
[x]: {(0, 0), (0, 1), (1, 1), (1, 2), (1, 3), (1, 4), (2, 4), (2, 0), (2, 1), (2, 2), (2, 3), (3, 3), (3, 4), (3, 0), (4, 0), (4, 1), (4, 2), (4, 3), (4, 4)}
[i, j]: 0 2
[i, j]: 0 3
[i, j]: 0 4
[i, j]: 1 0
[i, j]: 3 1
[i, j]: 3 2
[x]: {(0, 0), (0, 1), (1, 1), (1, 2), (1, 3), (1, 4), (2, 4), (2, 0), (2, 1), (2, 2), (2, 3), (3, 3), (3, 4), (3, 0), (3, 1), (4, 1), (4, 2), (4, 3), (4, 4)}
[i, j]: 0 2
[i, j]: 0 3
[i, j]: 0 4
[i, j]: 1 0
[i, j]: 3 2
[i, j]: 4 0
[x]: {(0, 0), (0, 1), (1, 1), (1, 2), (1, 3), (1, 4), (2, 4), (2, 0), (2, 1), (2, 2), (2, 3), (3, 3), (3, 4), (3, 0), (3, 1), (3, 2), (4, 2), (4, 3), (4, 4)}
[i, j]: 0 2
[i, j]: 0 3
[i, j]: 0 4
[i, j]: 1 0
[i, j]: 4 0
[i, j]: 4 1
[x]: {(0, 0), (0, 1), (1, 1), (1, 2), (1, 3), (1, 4), (1, 0), (2, 0), (2, 1), (2, 2), (3, 2), (3, 3), (3, 4), (3, 0), (4, 0), (4, 1), (4, 2), (4, 3), (4, 4)}
[i, j]: 0 2
[i, j]: 0 3
[i, j]: 0 4
[i, j]: 2 3
[i, j]: 2 4
[i, j]: 3 1
[x]: {(0, 0), (0, 1), (1, 1), (1, 2), (1, 3), (1, 4), (1, 0), (2, 0), (2, 1), (2, 2), (3, 2), (3, 3), (3, 4), (3, 0), (3, 1), (4, 1), (4, 2), (4, 3), (4, 4)}
[i, j]: 0 2
[i, j]: 0 3
[i, j]: 0 4
[i, j]: 2 3
[i, j]: 2 4
[i, j]: 4 0
[x]: {(0, 0), (0, 1), (1, 1), (1, 2), (1, 3), (1, 4), (1, 0), (2, 0), (2, 1), (2, 2), (2, 3), (3, 3), (3, 4), (3, 0), (4, 0), (4, 1), (4, 2), (4, 3), (4, 4)}
[i, j]: 0 2
[i, j]: 0 3
[i, j]: 0 4
[i, j]: 2 4
[i, j]: 3 1
[i, j]: 3 2
[x]: {(0, 0), (0, 1), (1, 1), (1, 2), (1, 3), (1, 4), (1, 0), (2, 0), (2, 1), (2, 2), (2, 3), (3, 3), (3, 4), (3, 0), (3, 1), (4, 1), (4, 2), (4, 3), (4, 4)}
[i, j]: 0 2
[i, j]: 0 3
[i, j]: 0 4
[i, j]: 2 4
[i, j]: 3 2
[i, j]: 4 0
[x]: {(0, 0), (0, 1), (1, 1), (1, 2), (1, 3), (1, 4), (1, 0), (2, 0), (2, 1), (2, 2), (2, 3), (3, 3), (3, 4), (3, 0), (3, 1), (3, 2), (4, 2), (4, 3), (4, 4)}
[i, j]: 0 2
[i, j]: 0 3
[i, j]: 0 4
[i, j]: 2 4
[i, j]: 4 0
[i, j]: 4 1
[x]: {(0, 0), (0, 1), (1, 1), (1, 2), (1, 3), (1, 4), (1, 0), (2, 0), (2, 1), (2, 2), (2, 3), (2, 4), (3, 4), (3, 0), (3, 1), (3, 2), (3, 3), (4, 3), (4, 4)}
[i, j]: 0 2
[i, j]: 0 3
[i, j]: 0 4
[i, j]: 4 0
[i, j]: 4 1
[i, j]: 4 2
[x]: {(0, 0), (0, 1), (0, 2), (1, 2), (1, 3), (1, 4), (1, 0), (1, 1), (2, 1), (2, 2), (3, 2), (3, 3), (3, 4), (3, 0), (4, 0), (4, 1), (4, 2), (4, 3), (4, 4)}
[i, j]: 0 3
[i, j]: 0 4
[i, j]: 2 0
[i, j]: 2 3
[i, j]: 2 4
[i, j]: 3 1
[x]: {(0, 0), (0, 1), (0, 2), (1, 2), (1, 3), (1, 4), (1, 0), (1, 1), (2, 1), (2, 2), (3, 2), (3, 3), (3, 4), (3, 0), (3, 1), (4, 1), (4, 2), (4, 3), (4, 4)}
[i, j]: 0 3
[i, j]: 0 4
[i, j]: 2 0
[i, j]: 2 3
[i, j]: 2 4
[i, j]: 4 0
[x]: {(0, 0), (0, 1), (0, 2), (1, 2), (1, 3), (1, 4), (1, 0), (1, 1), (2, 1), (2, 2), (2, 3), (3, 3), (3, 4), (3, 0), (4, 0), (4, 1), (4, 2), (4, 3), (4, 4)}
[i, j]: 0 3
[i, j]: 0 4
[i, j]: 2 0
[i, j]: 2 4
[i, j]: 3 1
[i, j]: 3 2
[x]: {(0, 0), (0, 1), (0, 2), (1, 2), (1, 3), (1, 4), (1, 0), (1, 1), (2, 1), (2, 2), (2, 3), (3, 3), (3, 4), (3, 0), (3, 1), (4, 1), (4, 2), (4, 3), (4, 4)}
[i, j]: 0 3
[i, j]: 0 4
[i, j]: 2 0
[i, j]: 2 4
[i, j]: 3 2
[i, j]: 4 0
[x]: {(0, 0), (0, 1), (0, 2), (1, 2), (1, 3), (1, 4), (1, 0), (1, 1), (2, 1), (2, 2), (2, 3), (3, 3), (3, 4), (3, 0), (3, 1), (3, 2), (4, 2), (4, 3), (4, 4)}
[i, j]: 0 3
[i, j]: 0 4
[i, j]: 2 0
[i, j]: 2 4
[i, j]: 4 0
[i, j]: 4 1
[x]: {(0, 0), (0, 1), (0, 2), (1, 2), (1, 3), (1, 4), (1, 0), (1, 1), (2, 1), (2, 2), (2, 3), (2, 4), (3, 4), (3, 0), (3, 1), (3, 2), (3, 3), (4, 3), (4, 4)}
[i, j]: 0 3
[i, j]: 0 4
[i, j]: 2 0
[i, j]: 4 0
[i, j]: 4 1
[i, j]: 4 2
[x]: {(0, 0), (0, 1), (0, 2), (1, 2), (1, 3), (1, 4), (1, 0), (1, 1), (2, 1), (2, 2), (2, 3), (2, 4), (2, 0), (3, 0), (3, 1), (3, 2), (3, 3), (4, 3), (4, 4)}
[i, j]: 0 3
[i, j]: 0 4
[i, j]: 3 4
[i, j]: 4 0
[i, j]: 4 1
[i, j]: 4 2
[x]: {(0, 0), (0, 1), (0, 2), (1, 2), (1, 3), (1, 4), (1, 0), (1, 1), (2, 1), (2, 2), (2, 3), (2, 4), (2, 0), (3, 0), (3, 1), (3, 2), (3, 3), (3, 4), (4, 4)}
[i, j]: 0 3
[i, j]: 0 4
[i, j]: 4 0
[i, j]: 4 1
[i, j]: 4 2
[i, j]: 4 3
[x]: {(0, 0), (0, 1), (0, 2), (0, 3), (1, 3), (1, 4), (1, 0), (1, 1), (2, 1), (2, 2), (3, 2), (3, 3), (3, 4), (3, 0), (4, 0), (4, 1), (4, 2), (4, 3), (4, 4)}
[i, j]: 0 4
[i, j]: 1 2
[i, j]: 2 0
[i, j]: 2 3
[i, j]: 2 4
[i, j]: 3 1
[x]: {(0, 0), (0, 1), (0, 2), (0, 3), (1, 3), (1, 4), (1, 0), (1, 1), (2, 1), (2, 2), (3, 2), (3, 3), (3, 4), (3, 0), (3, 1), (4, 1), (4, 2), (4, 3), (4, 4)}
[i, j]: 0 4
[i, j]: 1 2
[i, j]: 2 0
[i, j]: 2 3
[i, j]: 2 4
[i, j]: 4 0
[x]: {(0, 0), (0, 1), (0, 2), (0, 3), (1, 3), (1, 4), (1, 0), (1, 1), (2, 1), (2, 2), (2, 3), (3, 3), (3, 4), (3, 0), (4, 0), (4, 1), (4, 2), (4, 3), (4, 4)}
[i, j]: 0 4
[i, j]: 1 2
[i, j]: 2 0
[i, j]: 2 4
[i, j]: 3 1
[i, j]: 3 2
[x]: {(0, 0), (0, 1), (0, 2), (0, 3), (1, 3), (1, 4), (1, 0), (1, 1), (2, 1), (2, 2), (2, 3), (3, 3), (3, 4), (3, 0), (3, 1), (4, 1), (4, 2), (4, 3), (4, 4)}
[i, j]: 0 4
[i, j]: 1 2
[i, j]: 2 0
[i, j]: 2 4
[i, j]: 3 2
[i, j]: 4 0
[x]: {(0, 0), (0, 1), (0, 2), (0, 3), (1, 3), (1, 4), (1, 0), (1, 1), (2, 1), (2, 2), (2, 3), (3, 3), (3, 4), (3, 0), (3, 1), (3, 2), (4, 2), (4, 3), (4, 4)}
[i, j]: 0 4
[i, j]: 1 2
[i, j]: 2 0
[i, j]: 2 4
[i, j]: 4 0
[i, j]: 4 1
[x]: {(0, 0), (0, 1), (0, 2), (0, 3), (1, 3), (1, 4), (1, 0), (1, 1), (2, 1), (2, 2), (2, 3), (2, 4), (3, 4), (3, 0), (3, 1), (3, 2), (3, 3), (4, 3), (4, 4)}
[i, j]: 0 4
[i, j]: 1 2
[i, j]: 2 0
[i, j]: 4 0
[i, j]: 4 1
[i, j]: 4 2
[x]: {(0, 0), (0, 1), (0, 2), (0, 3), (1, 3), (1, 4), (1, 0), (1, 1), (2, 1), (2, 2), (2, 3), (2, 4), (2, 0), (3, 0), (3, 1), (3, 2), (3, 3), (4, 3), (4, 4)}
[i, j]: 0 4
[i, j]: 1 2
[i, j]: 3 4
[i, j]: 4 0
[i, j]: 4 1
[i, j]: 4 2
[x]: {(0, 0), (0, 1), (0, 2), (0, 3), (1, 3), (1, 4), (1, 0), (1, 1), (2, 1), (2, 2), (2, 3), (2, 4), (2, 0), (3, 0), (3, 1), (3, 2), (3, 3), (3, 4), (4, 4)}
[i, j]: 0 4
[i, j]: 1 2
[i, j]: 4 0
[i, j]: 4 1
[i, j]: 4 2
[i, j]: 4 3
[x]: {(0, 0), (0, 1), (0, 2), (0, 3), (1, 3), (1, 4), (1, 0), (1, 1), (1, 2), (2, 2), (3, 2), (3, 3), (3, 4), (3, 0), (4, 0), (4, 1), (4, 2), (4, 3), (4, 4)}
[i, j]: 0 4
[i, j]: 2 0
[i, j]: 2 1
[i, j]: 2 3
[i, j]: 2 4
[i, j]: 3 1
[x]: {(0, 0), (0, 1), (0, 2), (0, 3), (1, 3), (1, 4), (1, 0), (1, 1), (1, 2), (2, 2), (3, 2), (3, 3), (3, 4), (3, 0), (3, 1), (4, 1), (4, 2), (4, 3), (4, 4)}
[i, j]: 0 4
[i, j]: 2 0
[i, j]: 2 1
[i, j]: 2 3
[i, j]: 2 4
[i, j]: 4 0
[x]: {(0, 0), (0, 1), (0, 2), (0, 3), (1, 3), (1, 4), (1, 0), (1, 1), (1, 2), (2, 2), (2, 3), (3, 3), (3, 4), (3, 0), (4, 0), (4, 1), (4, 2), (4, 3), (4, 4)}
[i, j]: 0 4
[i, j]: 2 0
[i, j]: 2 1
[i, j]: 2 4
[i, j]: 3 1
[i, j]: 3 2
[x]: {(0, 0), (0, 1), (0, 2), (0, 3), (1, 3), (1, 4), (1, 0), (1, 1), (1, 2), (2, 2), (2, 3), (3, 3), (3, 4), (3, 0), (3, 1), (4, 1), (4, 2), (4, 3), (4, 4)}
[i, j]: 0 4
[i, j]: 2 0
[i, j]: 2 1
[i, j]: 2 4
[i, j]: 3 2
[i, j]: 4 0
[x]: {(0, 0), (0, 1), (0, 2), (0, 3), (1, 3), (1, 4), (1, 0), (1, 1), (1, 2), (2, 2), (2, 3), (3, 3), (3, 4), (3, 0), (3, 1), (3, 2), (4, 2), (4, 3), (4, 4)}
[i, j]: 0 4
[i, j]: 2 0
[i, j]: 2 1
[i, j]: 2 4
[i, j]: 4 0
[i, j]: 4 1
[x]: {(0, 0), (0, 1), (0, 2), (0, 3), (1, 3), (1, 4), (1, 0), (1, 1), (1, 2), (2, 2), (2, 3), (2, 4), (3, 4), (3, 0), (3, 1), (3, 2), (3, 3), (4, 3), (4, 4)}
[i, j]: 0 4
[i, j]: 2 0
[i, j]: 2 1
[i, j]: 4 0
[i, j]: 4 1
[i, j]: 4 2
[x]: {(0, 0), (0, 1), (0, 2), (0, 3), (1, 3), (1, 4), (1, 0), (1, 1), (1, 2), (2, 2), (2, 3), (2, 4), (2, 0), (3, 0), (3, 1), (3, 2), (3, 3), (4, 3), (4, 4)}
[i, j]: 0 4
[i, j]: 2 1
[i, j]: 3 4
[i, j]: 4 0
[i, j]: 4 1
[i, j]: 4 2
[x]: {(0, 0), (0, 1), (0, 2), (0, 3), (1, 3), (1, 4), (1, 0), (1, 1), (1, 2), (2, 2), (2, 3), (2, 4), (2, 0), (3, 0), (3, 1), (3, 2), (3, 3), (3, 4), (4, 4)}
[i, j]: 0 4
[i, j]: 2 1
[i, j]: 4 0
[i, j]: 4 1
[i, j]: 4 2
[i, j]: 4 3
[x]: {(0, 0), (0, 1), (0, 2), (0, 3), (1, 3), (1, 4), (1, 0), (1, 1), (1, 2), (2, 2), (2, 3), (2, 4), (2, 0), (2, 1), (3, 1), (3, 2), (3, 3), (4, 3), (4, 4)}
[i, j]: 0 4
[i, j]: 3 0
[i, j]: 3 4
[i, j]: 4 0
[i, j]: 4 1
[i, j]: 4 2
[x]: {(0, 0), (0, 1), (0, 2), (0, 3), (1, 3), (1, 4), (1, 0), (1, 1), (1, 2), (2, 2), (2, 3), (2, 4), (2, 0), (2, 1), (3, 1), (3, 2), (3, 3), (3, 4), (4, 4)}
[i, j]: 0 4
[i, j]: 3 0
[i, j]: 4 0
[i, j]: 4 1
[i, j]: 4 2
[i, j]: 4 3
[x]: {(0, 0), (0, 1), (0, 2), (0, 3), (0, 4), (1, 4), (1, 0), (1, 1), (2, 1), (2, 2), (3, 2), (3, 3), (3, 4), (3, 0), (4, 0), (4, 1), (4, 2), (4, 3), (4, 4)}
[i, j]: 1 2
[i, j]: 1 3
[i, j]: 2 0
[i, j]: 2 3
[i, j]: 2 4
[i, j]: 3 1
[x]: {(0, 0), (0, 1), (0, 2), (0, 3), (0, 4), (1, 4), (1, 0), (1, 1), (2, 1), (2, 2), (3, 2), (3, 3), (3, 4), (3, 0), (3, 1), (4, 1), (4, 2), (4, 3), (4, 4)}
[i, j]: 1 2
[i, j]: 1 3
[i, j]: 2 0
[i, j]: 2 3
[i, j]: 2 4
[i, j]: 4 0
[x]: {(0, 0), (0, 1), (0, 2), (0, 3), (0, 4), (1, 4), (1, 0), (1, 1), (2, 1), (2, 2), (2, 3), (3, 3), (3, 4), (3, 0), (4, 0), (4, 1), (4, 2), (4, 3), (4, 4)}
[i, j]: 1 2
[i, j]: 1 3
[i, j]: 2 0
[i, j]: 2 4
[i, j]: 3 1
[i, j]: 3 2
[x]: {(0, 0), (0, 1), (0, 2), (0, 3), (0, 4), (1, 4), (1, 0), (1, 1), (2, 1), (2, 2), (2, 3), (3, 3), (3, 4), (3, 0), (3, 1), (4, 1), (4, 2), (4, 3), (4, 4)}
[i, j]: 1 2
[i, j]: 1 3
[i, j]: 2 0
[i, j]: 2 4
[i, j]: 3 2
[i, j]: 4 0
[x]: {(0, 0), (0, 1), (0, 2), (0, 3), (0, 4), (1, 4), (1, 0), (1, 1), (2, 1), (2, 2), (2, 3), (3, 3), (3, 4), (3, 0), (3, 1), (3, 2), (4, 2), (4, 3), (4, 4)}
[i, j]: 1 2
[i, j]: 1 3
[i, j]: 2 0
[i, j]: 2 4
[i, j]: 4 0
[i, j]: 4 1
[x]: {(0, 0), (0, 1), (0, 2), (0, 3), (0, 4), (1, 4), (1, 0), (1, 1), (2, 1), (2, 2), (2, 3), (2, 4), (3, 4), (3, 0), (3, 1), (3, 2), (3, 3), (4, 3), (4, 4)}
[i, j]: 1 2
[i, j]: 1 3
[i, j]: 2 0
[i, j]: 4 0
[i, j]: 4 1
[i, j]: 4 2
[x]: {(0, 0), (0, 1), (0, 2), (0, 3), (0, 4), (1, 4), (1, 0), (1, 1), (2, 1), (2, 2), (2, 3), (2, 4), (2, 0), (3, 0), (3, 1), (3, 2), (3, 3), (4, 3), (4, 4)}
[i, j]: 1 2
[i, j]: 1 3
[i, j]: 3 4
[i, j]: 4 0
[i, j]: 4 1
[i, j]: 4 2
[x]: {(0, 0), (0, 1), (0, 2), (0, 3), (0, 4), (1, 4), (1, 0), (1, 1), (2, 1), (2, 2), (2, 3), (2, 4), (2, 0), (3, 0), (3, 1), (3, 2), (3, 3), (3, 4), (4, 4)}
[i, j]: 1 2
[i, j]: 1 3
[i, j]: 4 0
[i, j]: 4 1
[i, j]: 4 2
[i, j]: 4 3
[x]: {(0, 0), (0, 1), (0, 2), (0, 3), (0, 4), (1, 4), (1, 0), (1, 1), (1, 2), (2, 2), (3, 2), (3, 3), (3, 4), (3, 0), (4, 0), (4, 1), (4, 2), (4, 3), (4, 4)}
[i, j]: 1 3
[i, j]: 2 0
[i, j]: 2 1
[i, j]: 2 3
[i, j]: 2 4
[i, j]: 3 1
[x]: {(0, 0), (0, 1), (0, 2), (0, 3), (0, 4), (1, 4), (1, 0), (1, 1), (1, 2), (2, 2), (3, 2), (3, 3), (3, 4), (3, 0), (3, 1), (4, 1), (4, 2), (4, 3), (4, 4)}
[i, j]: 1 3
[i, j]: 2 0
[i, j]: 2 1
[i, j]: 2 3
[i, j]: 2 4
[i, j]: 4 0
[x]: {(0, 0), (0, 1), (0, 2), (0, 3), (0, 4), (1, 4), (1, 0), (1, 1), (1, 2), (2, 2), (2, 3), (3, 3), (3, 4), (3, 0), (4, 0), (4, 1), (4, 2), (4, 3), (4, 4)}
[i, j]: 1 3
[i, j]: 2 0
[i, j]: 2 1
[i, j]: 2 4
[i, j]: 3 1
[i, j]: 3 2
[x]: {(0, 0), (0, 1), (0, 2), (0, 3), (0, 4), (1, 4), (1, 0), (1, 1), (1, 2), (2, 2), (2, 3), (3, 3), (3, 4), (3, 0), (3, 1), (4, 1), (4, 2), (4, 3), (4, 4)}
[i, j]: 1 3
[i, j]: 2 0
[i, j]: 2 1
[i, j]: 2 4
[i, j]: 3 2
[i, j]: 4 0
[x]: {(0, 0), (0, 1), (0, 2), (0, 3), (0, 4), (1, 4), (1, 0), (1, 1), (1, 2), (2, 2), (2, 3), (3, 3), (3, 4), (3, 0), (3, 1), (3, 2), (4, 2), (4, 3), (4, 4)}
[i, j]: 1 3
[i, j]: 2 0
[i, j]: 2 1
[i, j]: 2 4
[i, j]: 4 0
[i, j]: 4 1
[x]: {(0, 0), (0, 1), (0, 2), (0, 3), (0, 4), (1, 4), (1, 0), (1, 1), (1, 2), (2, 2), (2, 3), (2, 4), (3, 4), (3, 0), (3, 1), (3, 2), (3, 3), (4, 3), (4, 4)}
[i, j]: 1 3
[i, j]: 2 0
[i, j]: 2 1
[i, j]: 4 0
[i, j]: 4 1
[i, j]: 4 2
[x]: {(0, 0), (0, 1), (0, 2), (0, 3), (0, 4), (1, 4), (1, 0), (1, 1), (1, 2), (2, 2), (2, 3), (2, 4), (2, 0), (3, 0), (3, 1), (3, 2), (3, 3), (4, 3), (4, 4)}
[i, j]: 1 3
[i, j]: 2 1
[i, j]: 3 4
[i, j]: 4 0
[i, j]: 4 1
[i, j]: 4 2
[x]: {(0, 0), (0, 1), (0, 2), (0, 3), (0, 4), (1, 4), (1, 0), (1, 1), (1, 2), (2, 2), (2, 3), (2, 4), (2, 0), (3, 0), (3, 1), (3, 2), (3, 3), (3, 4), (4, 4)}
[i, j]: 1 3
[i, j]: 2 1
[i, j]: 4 0
[i, j]: 4 1
[i, j]: 4 2
[i, j]: 4 3
[x]: {(0, 0), (0, 1), (0, 2), (0, 3), (0, 4), (1, 4), (1, 0), (1, 1), (1, 2), (2, 2), (2, 3), (2, 4), (2, 0), (2, 1), (3, 1), (3, 2), (3, 3), (4, 3), (4, 4)}
[i, j]: 1 3
[i, j]: 3 0
[i, j]: 3 4
[i, j]: 4 0
[i, j]: 4 1
[i, j]: 4 2
[x]: {(0, 0), (0, 1), (0, 2), (0, 3), (0, 4), (1, 4), (1, 0), (1, 1), (1, 2), (2, 2), (2, 3), (2, 4), (2, 0), (2, 1), (3, 1), (3, 2), (3, 3), (3, 4), (4, 4)}
[i, j]: 1 3
[i, j]: 3 0
[i, j]: 4 0
[i, j]: 4 1
[i, j]: 4 2
[i, j]: 4 3
[x]: {(0, 0), (0, 1), (0, 2), (0, 3), (0, 4), (1, 4), (1, 0), (1, 1), (1, 2), (1, 3), (2, 3), (2, 4), (2, 0), (2, 1), (2, 2), (3, 2), (3, 3), (4, 3), (4, 4)}
[i, j]: 3 0
[i, j]: 3 1
[i, j]: 3 4
[i, j]: 4 0
[i, j]: 4 1
[i, j]: 4 2
[x]: {(0, 0), (0, 1), (0, 2), (0, 3), (0, 4), (1, 4), (1, 0), (1, 1), (1, 2), (1, 3), (2, 3), (2, 4), (2, 0), (2, 1), (2, 2), (3, 2), (3, 3), (3, 4), (4, 4)}
[i, j]: 3 0
[i, j]: 3 1
[i, j]: 4 0
[i, j]: 4 1
[i, j]: 4 2
[i, j]: 4 3
[x]: {(0, 0), (1, 0), (2, 0), (3, 0), (4, 0), (4, 1), (0, 1), (1, 1), (2, 1), (2, 2), (3, 2), (3, 3), (4, 3), (4, 4)}
[i, j]: 0 2
[i, j]: 0 3
[i, j]: 0 4
[i, j]: 1 2
[i, j]: 1 3
[i, j]: 1 4
[i, j]: 2 3
[i, j]: 2 4
[i, j]: 3 1
[i, j]: 3 4
[i, j]: 4 2
[x]: {(0, 0), (1, 0), (2, 0), (3, 0), (4, 0), (4, 1), (0, 1), (1, 1), (2, 1), (2, 2), (3, 2), (3, 3), (3, 4), (4, 4)}
[i, j]: 0 2
[i, j]: 0 3
[i, j]: 0 4
[i, j]: 1 2
[i, j]: 1 3
[i, j]: 1 4
[i, j]: 2 3
[i, j]: 2 4
[i, j]: 3 1
[i, j]: 4 2
[i, j]: 4 3
[x]: {(0, 0), (1, 0), (2, 0), (3, 0), (4, 0), (4, 1), (0, 1), (1, 1), (2, 1), (2, 2), (2, 3), (3, 3), (4, 3), (4, 4)}
[i, j]: 0 2
[i, j]: 0 3
[i, j]: 0 4
[i, j]: 1 2
[i, j]: 1 3
[i, j]: 1 4
[i, j]: 2 4
[i, j]: 3 1
[i, j]: 3 2
[i, j]: 3 4
[i, j]: 4 2
[x]: {(0, 0), (1, 0), (2, 0), (3, 0), (4, 0), (4, 1), (0, 1), (1, 1), (2, 1), (2, 2), (2, 3), (3, 3), (3, 4), (4, 4)}
[i, j]: 0 2
[i, j]: 0 3
[i, j]: 0 4
[i, j]: 1 2
[i, j]: 1 3
[i, j]: 1 4
[i, j]: 2 4
[i, j]: 3 1
[i, j]: 3 2
[i, j]: 4 2
[i, j]: 4 3
[x]: {(0, 0), (1, 0), (2, 0), (3, 0), (4, 0), (4, 1), (0, 1), (1, 1), (1, 2), (2, 2), (3, 2), (3, 3), (4, 3), (4, 4)}
[i, j]: 0 2
[i, j]: 0 3
[i, j]: 0 4
[i, j]: 1 3
[i, j]: 1 4
[i, j]: 2 1
[i, j]: 2 3
[i, j]: 2 4
[i, j]: 3 1
[i, j]: 3 4
[i, j]: 4 2
[x]: {(0, 0), (1, 0), (2, 0), (3, 0), (4, 0), (4, 1), (0, 1), (1, 1), (1, 2), (2, 2), (3, 2), (3, 3), (3, 4), (4, 4)}
[i, j]: 0 2
[i, j]: 0 3
[i, j]: 0 4
[i, j]: 1 3
[i, j]: 1 4
[i, j]: 2 1
[i, j]: 2 3
[i, j]: 2 4
[i, j]: 3 1
[i, j]: 4 2
[i, j]: 4 3
[x]: {(0, 0), (1, 0), (2, 0), (3, 0), (4, 0), (4, 1), (0, 1), (1, 1), (1, 2), (2, 2), (2, 3), (3, 3), (4, 3), (4, 4)}
[i, j]: 0 2
[i, j]: 0 3
[i, j]: 0 4
[i, j]: 1 3
[i, j]: 1 4
[i, j]: 2 1
[i, j]: 2 4
[i, j]: 3 1
[i, j]: 3 2
[i, j]: 3 4
[i, j]: 4 2
[x]: {(0, 0), (1, 0), (2, 0), (3, 0), (4, 0), (4, 1), (0, 1), (1, 1), (1, 2), (2, 2), (2, 3), (3, 3), (3, 4), (4, 4)}
[i, j]: 0 2
[i, j]: 0 3
[i, j]: 0 4
[i, j]: 1 3
[i, j]: 1 4
[i, j]: 2 1
[i, j]: 2 4
[i, j]: 3 1
[i, j]: 3 2
[i, j]: 4 2
[i, j]: 4 3
[x]: {(0, 0), (1, 0), (2, 0), (3, 0), (3, 1), (4, 1), (0, 1), (1, 1), (2, 1), (2, 2), (3, 2), (3, 3), (4, 3), (4, 4)}
[i, j]: 0 2
[i, j]: 0 3
[i, j]: 0 4
[i, j]: 1 2
[i, j]: 1 3
[i, j]: 1 4
[i, j]: 2 3
[i, j]: 2 4
[i, j]: 3 4
[i, j]: 4 0
[i, j]: 4 2
[x]: {(0, 0), (1, 0), (2, 0), (3, 0), (3, 1), (4, 1), (0, 1), (1, 1), (2, 1), (2, 2), (3, 2), (3, 3), (3, 4), (4, 4)}
[i, j]: 0 2
[i, j]: 0 3
[i, j]: 0 4
[i, j]: 1 2
[i, j]: 1 3
[i, j]: 1 4
[i, j]: 2 3
[i, j]: 2 4
[i, j]: 4 0
[i, j]: 4 2
[i, j]: 4 3
[x]: {(0, 0), (1, 0), (2, 0), (3, 0), (3, 1), (4, 1), (0, 1), (1, 1), (2, 1), (2, 2), (2, 3), (3, 3), (4, 3), (4, 4)}
[i, j]: 0 2
[i, j]: 0 3
[i, j]: 0 4
[i, j]: 1 2
[i, j]: 1 3
[i, j]: 1 4
[i, j]: 2 4
[i, j]: 3 2
[i, j]: 3 4
[i, j]: 4 0
[i, j]: 4 2
[x]: {(0, 0), (1, 0), (2, 0), (3, 0), (3, 1), (4, 1), (0, 1), (1, 1), (2, 1), (2, 2), (2, 3), (3, 3), (3, 4), (4, 4)}
[i, j]: 0 2
[i, j]: 0 3
[i, j]: 0 4
[i, j]: 1 2
[i, j]: 1 3
[i, j]: 1 4
[i, j]: 2 4
[i, j]: 3 2
[i, j]: 4 0
[i, j]: 4 2
[i, j]: 4 3
[x]: {(0, 0), (1, 0), (2, 0), (3, 0), (3, 1), (4, 1), (0, 1), (1, 1), (1, 2), (2, 2), (3, 2), (3, 3), (4, 3), (4, 4)}
[i, j]: 0 2
[i, j]: 0 3
[i, j]: 0 4
[i, j]: 1 3
[i, j]: 1 4
[i, j]: 2 1
[i, j]: 2 3
[i, j]: 2 4
[i, j]: 3 4
[i, j]: 4 0
[i, j]: 4 2
[x]: {(0, 0), (1, 0), (2, 0), (3, 0), (3, 1), (4, 1), (0, 1), (1, 1), (1, 2), (2, 2), (3, 2), (3, 3), (3, 4), (4, 4)}
[i, j]: 0 2
[i, j]: 0 3
[i, j]: 0 4
[i, j]: 1 3
[i, j]: 1 4
[i, j]: 2 1
[i, j]: 2 3
[i, j]: 2 4
[i, j]: 4 0
[i, j]: 4 2
[i, j]: 4 3
[x]: {(0, 0), (1, 0), (2, 0), (3, 0), (3, 1), (4, 1), (0, 1), (1, 1), (1, 2), (2, 2), (2, 3), (3, 3), (4, 3), (4, 4)}
[i, j]: 0 2
[i, j]: 0 3
[i, j]: 0 4
[i, j]: 1 3
[i, j]: 1 4
[i, j]: 2 1
[i, j]: 2 4
[i, j]: 3 2
[i, j]: 3 4
[i, j]: 4 0
[i, j]: 4 2
[x]: {(0, 0), (1, 0), (2, 0), (3, 0), (3, 1), (4, 1), (0, 1), (1, 1), (1, 2), (2, 2), (2, 3), (3, 3), (3, 4), (4, 4)}
[i, j]: 0 2
[i, j]: 0 3
[i, j]: 0 4
[i, j]: 1 3
[i, j]: 1 4
[i, j]: 2 1
[i, j]: 2 4
[i, j]: 3 2
[i, j]: 4 0
[i, j]: 4 2
[i, j]: 4 3
[x]: {(0, 0), (1, 0), (2, 0), (2, 1), (3, 1), (4, 1), (0, 1), (1, 1), (1, 2), (2, 2), (3, 2), (3, 3), (4, 3), (4, 4)}
[i, j]: 0 2
[i, j]: 0 3
[i, j]: 0 4
[i, j]: 1 3
[i, j]: 1 4
[i, j]: 2 3
[i, j]: 2 4
[i, j]: 3 0
[i, j]: 3 4
[i, j]: 4 0
[i, j]: 4 2
[x]: {(0, 0), (1, 0), (2, 0), (2, 1), (3, 1), (4, 1), (0, 1), (1, 1), (1, 2), (2, 2), (3, 2), (3, 3), (3, 4), (4, 4)}
[i, j]: 0 2
[i, j]: 0 3
[i, j]: 0 4
[i, j]: 1 3
[i, j]: 1 4
[i, j]: 2 3
[i, j]: 2 4
[i, j]: 3 0
[i, j]: 4 0
[i, j]: 4 2
[i, j]: 4 3
[x]: {(0, 0), (1, 0), (2, 0), (2, 1), (3, 1), (4, 1), (0, 1), (1, 1), (1, 2), (2, 2), (2, 3), (3, 3), (4, 3), (4, 4)}
[i, j]: 0 2
[i, j]: 0 3
[i, j]: 0 4
[i, j]: 1 3
[i, j]: 1 4
[i, j]: 2 4
[i, j]: 3 0
[i, j]: 3 2
[i, j]: 3 4
[i, j]: 4 0
[i, j]: 4 2
[x]: {(0, 0), (1, 0), (2, 0), (2, 1), (3, 1), (4, 1), (0, 1), (1, 1), (1, 2), (2, 2), (2, 3), (3, 3), (3, 4), (4, 4)}
[i, j]: 0 2
[i, j]: 0 3
[i, j]: 0 4
[i, j]: 1 3
[i, j]: 1 4
[i, j]: 2 4
[i, j]: 3 0
[i, j]: 3 2
[i, j]: 4 0
[i, j]: 4 2
[i, j]: 4 3
[x]: {(0, 0), (1, 0), (1, 1), (2, 1), (3, 1), (4, 1), (4, 2), (0, 2), (1, 2), (2, 2), (3, 2), (3, 3), (4, 3), (4, 4)}
[i, j]: 0 1
[i, j]: 0 3
[i, j]: 0 4
[i, j]: 1 3
[i, j]: 1 4
[i, j]: 2 0
[i, j]: 2 3
[i, j]: 2 4
[i, j]: 3 0
[i, j]: 3 4
[i, j]: 4 0
[x]: {(0, 0), (1, 0), (1, 1), (2, 1), (3, 1), (4, 1), (4, 2), (0, 2), (1, 2), (2, 2), (3, 2), (3, 3), (3, 4), (4, 4)}
[i, j]: 0 1
[i, j]: 0 3
[i, j]: 0 4
[i, j]: 1 3
[i, j]: 1 4
[i, j]: 2 0
[i, j]: 2 3
[i, j]: 2 4
[i, j]: 3 0
[i, j]: 4 0
[i, j]: 4 3
[x]: {(0, 0), (1, 0), (1, 1), (2, 1), (3, 1), (4, 1), (4, 2), (0, 2), (1, 2), (2, 2), (2, 3), (3, 3), (4, 3), (4, 4)}
[i, j]: 0 1
[i, j]: 0 3
[i, j]: 0 4
[i, j]: 1 3
[i, j]: 1 4
[i, j]: 2 0
[i, j]: 2 4
[i, j]: 3 0
[i, j]: 3 2
[i, j]: 3 4
[i, j]: 4 0
[x]: {(0, 0), (1, 0), (1, 1), (2, 1), (3, 1), (4, 1), (4, 2), (0, 2), (1, 2), (2, 2), (2, 3), (3, 3), (3, 4), (4, 4)}
[i, j]: 0 1
[i, j]: 0 3
[i, j]: 0 4
[i, j]: 1 3
[i, j]: 1 4
[i, j]: 2 0
[i, j]: 2 4
[i, j]: 3 0
[i, j]: 3 2
[i, j]: 4 0
[i, j]: 4 3
[x]: {(0, 0), (1, 0), (1, 1), (2, 1), (3, 1), (4, 1), (0, 1), (0, 2), (1, 2), (2, 2), (3, 2), (3, 3), (4, 3), (4, 4)}
[i, j]: 0 3
[i, j]: 0 4
[i, j]: 1 3
[i, j]: 1 4
[i, j]: 2 0
[i, j]: 2 3
[i, j]: 2 4
[i, j]: 3 0
[i, j]: 3 4
[i, j]: 4 0
[i, j]: 4 2
[x]: {(0, 0), (1, 0), (1, 1), (2, 1), (3, 1), (4, 1), (0, 1), (0, 2), (1, 2), (2, 2), (3, 2), (3, 3), (3, 4), (4, 4)}
[i, j]: 0 3
[i, j]: 0 4
[i, j]: 1 3
[i, j]: 1 4
[i, j]: 2 0
[i, j]: 2 3
[i, j]: 2 4
[i, j]: 3 0
[i, j]: 4 0
[i, j]: 4 2
[i, j]: 4 3
[x]: {(0, 0), (1, 0), (1, 1), (2, 1), (3, 1), (4, 1), (0, 1), (0, 2), (1, 2), (2, 2), (2, 3), (3, 3), (4, 3), (4, 4)}
[i, j]: 0 3
[i, j]: 0 4
[i, j]: 1 3
[i, j]: 1 4
[i, j]: 2 0
[i, j]: 2 4
[i, j]: 3 0
[i, j]: 3 2
[i, j]: 3 4
[i, j]: 4 0
[i, j]: 4 2
[x]: {(0, 0), (1, 0), (1, 1), (2, 1), (3, 1), (4, 1), (0, 1), (0, 2), (1, 2), (2, 2), (2, 3), (3, 3), (3, 4), (4, 4)}
[i, j]: 0 3
[i, j]: 0 4
[i, j]: 1 3
[i, j]: 1 4
[i, j]: 2 0
[i, j]: 2 4
[i, j]: 3 0
[i, j]: 3 2
[i, j]: 4 0
[i, j]: 4 2
[i, j]: 4 3
[x]: {(0, 0), (1, 0), (1, 1), (2, 1), (3, 1), (3, 2), (4, 2), (0, 2), (1, 2), (2, 2), (2, 3), (3, 3), (4, 3), (4, 4)}
[i, j]: 0 1
[i, j]: 0 3
[i, j]: 0 4
[i, j]: 1 3
[i, j]: 1 4
[i, j]: 2 0
[i, j]: 2 4
[i, j]: 3 0
[i, j]: 3 4
[i, j]: 4 0
[i, j]: 4 1
[x]: {(0, 0), (1, 0), (1, 1), (2, 1), (3, 1), (3, 2), (4, 2), (0, 2), (1, 2), (2, 2), (2, 3), (3, 3), (3, 4), (4, 4)}
[i, j]: 0 1
[i, j]: 0 3
[i, j]: 0 4
[i, j]: 1 3
[i, j]: 1 4
[i, j]: 2 0
[i, j]: 2 4
[i, j]: 3 0
[i, j]: 4 0
[i, j]: 4 1
[i, j]: 4 3
[x]: {(0, 0), (1, 0), (1, 1), (2, 1), (2, 2), (3, 2), (4, 2), (4, 3), (0, 3), (1, 3), (2, 3), (3, 3), (3, 4), (4, 4)}
[i, j]: 0 1
[i, j]: 0 2
[i, j]: 0 4
[i, j]: 1 2
[i, j]: 1 4
[i, j]: 2 0
[i, j]: 2 4
[i, j]: 3 0
[i, j]: 3 1
[i, j]: 4 0
[i, j]: 4 1
[x]: {(0, 0), (1, 0), (1, 1), (2, 1), (2, 2), (3, 2), (4, 2), (0, 2), (1, 2), (1, 3), (2, 3), (3, 3), (4, 3), (4, 4)}
[i, j]: 0 1
[i, j]: 0 3
[i, j]: 0 4
[i, j]: 1 4
[i, j]: 2 0
[i, j]: 2 4
[i, j]: 3 0
[i, j]: 3 1
[i, j]: 3 4
[i, j]: 4 0
[i, j]: 4 1
[x]: {(0, 0), (1, 0), (1, 1), (2, 1), (2, 2), (3, 2), (4, 2), (0, 2), (1, 2), (1, 3), (2, 3), (3, 3), (3, 4), (4, 4)}
[i, j]: 0 1
[i, j]: 0 3
[i, j]: 0 4
[i, j]: 1 4
[i, j]: 2 0
[i, j]: 2 4
[i, j]: 3 0
[i, j]: 3 1
[i, j]: 4 0
[i, j]: 4 1
[i, j]: 4 3
[x]: {(0, 0), (1, 0), (1, 1), (2, 1), (2, 2), (3, 2), (4, 2), (0, 2), (0, 3), (1, 3), (2, 3), (3, 3), (4, 3), (4, 4)}
[i, j]: 0 1
[i, j]: 0 4
[i, j]: 1 2
[i, j]: 1 4
[i, j]: 2 0
[i, j]: 2 4
[i, j]: 3 0
[i, j]: 3 1
[i, j]: 3 4
[i, j]: 4 0
[i, j]: 4 1
[x]: {(0, 0), (1, 0), (1, 1), (2, 1), (2, 2), (3, 2), (4, 2), (0, 2), (0, 3), (1, 3), (2, 3), (3, 3), (3, 4), (4, 4)}
[i, j]: 0 1
[i, j]: 0 4
[i, j]: 1 2
[i, j]: 1 4
[i, j]: 2 0
[i, j]: 2 4
[i, j]: 3 0
[i, j]: 3 1
[i, j]: 4 0
[i, j]: 4 1
[i, j]: 4 3
[x]: {(0, 0), (1, 0), (1, 1), (2, 1), (2, 2), (3, 2), (3, 3), (4, 3), (0, 3), (1, 3), (2, 3), (2, 4), (3, 4), (4, 4)}
[i, j]: 0 1
[i, j]: 0 2
[i, j]: 0 4
[i, j]: 1 2
[i, j]: 1 4
[i, j]: 2 0
[i, j]: 3 0
[i, j]: 3 1
[i, j]: 4 0
[i, j]: 4 1
[i, j]: 4 2
[x]: {(0, 0), (1, 0), (1, 1), (2, 1), (2, 2), (3, 2), (3, 3), (4, 3), (0, 3), (1, 3), (1, 4), (2, 4), (3, 4), (4, 4)}
[i, j]: 0 1
[i, j]: 0 2
[i, j]: 0 4
[i, j]: 1 2
[i, j]: 2 0
[i, j]: 2 3
[i, j]: 3 0
[i, j]: 3 1
[i, j]: 4 0
[i, j]: 4 1
[i, j]: 4 2
[x]: {(0, 0), (1, 0), (1, 1), (2, 1), (2, 2), (3, 2), (3, 3), (4, 3), (0, 3), (0, 4), (1, 4), (2, 4), (3, 4), (4, 4)}
[i, j]: 0 1
[i, j]: 0 2
[i, j]: 1 2
[i, j]: 1 3
[i, j]: 2 0
[i, j]: 2 3
[i, j]: 3 0
[i, j]: 3 1
[i, j]: 4 0
[i, j]: 4 1
[i, j]: 4 2
[x]: {(0, 0), (1, 0), (1, 1), (2, 1), (2, 2), (3, 2), (3, 3), (3, 4), (3, 0), (4, 0), (4, 1), (4, 2), (4, 3), (4, 4)}
[i, j]: 0 1
[i, j]: 0 2
[i, j]: 0 3
[i, j]: 0 4
[i, j]: 1 2
[i, j]: 1 3
[i, j]: 1 4
[i, j]: 2 0
[i, j]: 2 3
[i, j]: 2 4
[i, j]: 3 1
[x]: {(0, 0), (1, 0), (1, 1), (2, 1), (2, 2), (3, 2), (3, 3), (3, 4), (3, 0), (3, 1), (4, 1), (4, 2), (4, 3), (4, 4)}
[i, j]: 0 1
[i, j]: 0 2
[i, j]: 0 3
[i, j]: 0 4
[i, j]: 1 2
[i, j]: 1 3
[i, j]: 1 4
[i, j]: 2 0
[i, j]: 2 3
[i, j]: 2 4
[i, j]: 4 0
[x]: {(0, 0), (1, 0), (1, 1), (2, 1), (2, 2), (2, 3), (3, 3), (4, 3), (0, 3), (1, 3), (1, 4), (2, 4), (3, 4), (4, 4)}
[i, j]: 0 1
[i, j]: 0 2
[i, j]: 0 4
[i, j]: 1 2
[i, j]: 2 0
[i, j]: 3 0
[i, j]: 3 1
[i, j]: 3 2
[i, j]: 4 0
[i, j]: 4 1
[i, j]: 4 2
[x]: {(0, 0), (1, 0), (1, 1), (2, 1), (2, 2), (2, 3), (3, 3), (4, 3), (0, 3), (0, 4), (1, 4), (2, 4), (3, 4), (4, 4)}
[i, j]: 0 1
[i, j]: 0 2
[i, j]: 1 2
[i, j]: 1 3
[i, j]: 2 0
[i, j]: 3 0
[i, j]: 3 1
[i, j]: 3 2
[i, j]: 4 0
[i, j]: 4 1
[i, j]: 4 2
[x]: {(0, 0), (1, 0), (1, 1), (2, 1), (2, 2), (2, 3), (3, 3), (3, 4), (3, 0), (4, 0), (4, 1), (4, 2), (4, 3), (4, 4)}
[i, j]: 0 1
[i, j]: 0 2
[i, j]: 0 3
[i, j]: 0 4
[i, j]: 1 2
[i, j]: 1 3
[i, j]: 1 4
[i, j]: 2 0
[i, j]: 2 4
[i, j]: 3 1
[i, j]: 3 2
[x]: {(0, 0), (1, 0), (1, 1), (2, 1), (2, 2), (2, 3), (3, 3), (3, 4), (3, 0), (3, 1), (4, 1), (4, 2), (4, 3), (4, 4)}
[i, j]: 0 1
[i, j]: 0 2
[i, j]: 0 3
[i, j]: 0 4
[i, j]: 1 2
[i, j]: 1 3
[i, j]: 1 4
[i, j]: 2 0
[i, j]: 2 4
[i, j]: 3 2
[i, j]: 4 0
[x]: {(0, 0), (1, 0), (1, 1), (2, 1), (2, 2), (2, 3), (3, 3), (3, 4), (3, 0), (3, 1), (3, 2), (4, 2), (4, 3), (4, 4)}
[i, j]: 0 1
[i, j]: 0 2
[i, j]: 0 3
[i, j]: 0 4
[i, j]: 1 2
[i, j]: 1 3
[i, j]: 1 4
[i, j]: 2 0
[i, j]: 2 4
[i, j]: 4 0
[i, j]: 4 1
[x]: {(0, 0), (1, 0), (1, 1), (2, 1), (2, 2), (2, 3), (2, 4), (3, 4), (3, 0), (3, 1), (3, 2), (3, 3), (4, 3), (4, 4)}
[i, j]: 0 1
[i, j]: 0 2
[i, j]: 0 3
[i, j]: 0 4
[i, j]: 1 2
[i, j]: 1 3
[i, j]: 1 4
[i, j]: 2 0
[i, j]: 4 0
[i, j]: 4 1
[i, j]: 4 2
[x]: {(0, 0), (1, 0), (1, 1), (2, 1), (2, 2), (2, 3), (2, 4), (2, 0), (3, 0), (3, 1), (3, 2), (3, 3), (4, 3), (4, 4)}
[i, j]: 0 1
[i, j]: 0 2
[i, j]: 0 3
[i, j]: 0 4
[i, j]: 1 2
[i, j]: 1 3
[i, j]: 1 4
[i, j]: 3 4
[i, j]: 4 0
[i, j]: 4 1
[i, j]: 4 2
[x]: {(0, 0), (1, 0), (1, 1), (2, 1), (2, 2), (2, 3), (2, 4), (2, 0), (3, 0), (3, 1), (3, 2), (3, 3), (3, 4), (4, 4)}
[i, j]: 0 1
[i, j]: 0 2
[i, j]: 0 3
[i, j]: 0 4
[i, j]: 1 2
[i, j]: 1 3
[i, j]: 1 4
[i, j]: 4 0
[i, j]: 4 1
[i, j]: 4 2
[i, j]: 4 3
[x]: {(0, 0), (1, 0), (1, 1), (1, 2), (2, 2), (3, 2), (4, 2), (4, 3), (0, 3), (1, 3), (2, 3), (3, 3), (3, 4), (4, 4)}
[i, j]: 0 1
[i, j]: 0 2
[i, j]: 0 4
[i, j]: 1 4
[i, j]: 2 0
[i, j]: 2 1
[i, j]: 2 4
[i, j]: 3 0
[i, j]: 3 1
[i, j]: 4 0
[i, j]: 4 1
[x]: {(0, 0), (1, 0), (1, 1), (1, 2), (2, 2), (3, 2), (4, 2), (0, 2), (0, 3), (1, 3), (2, 3), (3, 3), (4, 3), (4, 4)}
[i, j]: 0 1
[i, j]: 0 4
[i, j]: 1 4
[i, j]: 2 0
[i, j]: 2 1
[i, j]: 2 4
[i, j]: 3 0
[i, j]: 3 1
[i, j]: 3 4
[i, j]: 4 0
[i, j]: 4 1
[x]: {(0, 0), (1, 0), (1, 1), (1, 2), (2, 2), (3, 2), (4, 2), (0, 2), (0, 3), (1, 3), (2, 3), (3, 3), (3, 4), (4, 4)}
[i, j]: 0 1
[i, j]: 0 4
[i, j]: 1 4
[i, j]: 2 0
[i, j]: 2 1
[i, j]: 2 4
[i, j]: 3 0
[i, j]: 3 1
[i, j]: 4 0
[i, j]: 4 1
[i, j]: 4 3
[x]: {(0, 0), (1, 0), (1, 1), (1, 2), (2, 2), (3, 2), (3, 3), (4, 3), (0, 3), (1, 3), (2, 3), (2, 4), (3, 4), (4, 4)}
[i, j]: 0 1
[i, j]: 0 2
[i, j]: 0 4
[i, j]: 1 4
[i, j]: 2 0
[i, j]: 2 1
[i, j]: 3 0
[i, j]: 3 1
[i, j]: 4 0
[i, j]: 4 1
[i, j]: 4 2
[x]: {(0, 0), (1, 0), (1, 1), (1, 2), (2, 2), (3, 2), (3, 3), (4, 3), (0, 3), (1, 3), (1, 4), (2, 4), (3, 4), (4, 4)}
[i, j]: 0 1
[i, j]: 0 2
[i, j]: 0 4
[i, j]: 2 0
[i, j]: 2 1
[i, j]: 2 3
[i, j]: 3 0
[i, j]: 3 1
[i, j]: 4 0
[i, j]: 4 1
[i, j]: 4 2
[x]: {(0, 0), (1, 0), (1, 1), (1, 2), (2, 2), (3, 2), (3, 3), (4, 3), (0, 3), (0, 4), (1, 4), (2, 4), (3, 4), (4, 4)}
[i, j]: 0 1
[i, j]: 0 2
[i, j]: 1 3
[i, j]: 2 0
[i, j]: 2 1
[i, j]: 2 3
[i, j]: 3 0
[i, j]: 3 1
[i, j]: 4 0
[i, j]: 4 1
[i, j]: 4 2
[x]: {(0, 0), (1, 0), (1, 1), (1, 2), (2, 2), (3, 2), (3, 3), (3, 4), (3, 0), (4, 0), (4, 1), (4, 2), (4, 3), (4, 4)}
[i, j]: 0 1
[i, j]: 0 2
[i, j]: 0 3
[i, j]: 0 4
[i, j]: 1 3
[i, j]: 1 4
[i, j]: 2 0
[i, j]: 2 1
[i, j]: 2 3
[i, j]: 2 4
[i, j]: 3 1
[x]: {(0, 0), (1, 0), (1, 1), (1, 2), (2, 2), (3, 2), (3, 3), (3, 4), (3, 0), (3, 1), (4, 1), (4, 2), (4, 3), (4, 4)}
[i, j]: 0 1
[i, j]: 0 2
[i, j]: 0 3
[i, j]: 0 4
[i, j]: 1 3
[i, j]: 1 4
[i, j]: 2 0
[i, j]: 2 1
[i, j]: 2 3
[i, j]: 2 4
[i, j]: 4 0
[x]: {(0, 0), (1, 0), (1, 1), (1, 2), (2, 2), (2, 3), (3, 3), (4, 3), (0, 3), (1, 3), (1, 4), (2, 4), (3, 4), (4, 4)}
[i, j]: 0 1
[i, j]: 0 2
[i, j]: 0 4
[i, j]: 2 0
[i, j]: 2 1
[i, j]: 3 0
[i, j]: 3 1
[i, j]: 3 2
[i, j]: 4 0
[i, j]: 4 1
[i, j]: 4 2
[x]: {(0, 0), (1, 0), (1, 1), (1, 2), (2, 2), (2, 3), (3, 3), (4, 3), (0, 3), (0, 4), (1, 4), (2, 4), (3, 4), (4, 4)}
[i, j]: 0 1
[i, j]: 0 2
[i, j]: 1 3
[i, j]: 2 0
[i, j]: 2 1
[i, j]: 3 0
[i, j]: 3 1
[i, j]: 3 2
[i, j]: 4 0
[i, j]: 4 1
[i, j]: 4 2
[x]: {(0, 0), (1, 0), (1, 1), (1, 2), (2, 2), (2, 3), (3, 3), (3, 4), (3, 0), (4, 0), (4, 1), (4, 2), (4, 3), (4, 4)}
[i, j]: 0 1
[i, j]: 0 2
[i, j]: 0 3
[i, j]: 0 4
[i, j]: 1 3
[i, j]: 1 4
[i, j]: 2 0
[i, j]: 2 1
[i, j]: 2 4
[i, j]: 3 1
[i, j]: 3 2
[x]: {(0, 0), (1, 0), (1, 1), (1, 2), (2, 2), (2, 3), (3, 3), (3, 4), (3, 0), (3, 1), (4, 1), (4, 2), (4, 3), (4, 4)}
[i, j]: 0 1
[i, j]: 0 2
[i, j]: 0 3
[i, j]: 0 4
[i, j]: 1 3
[i, j]: 1 4
[i, j]: 2 0
[i, j]: 2 1
[i, j]: 2 4
[i, j]: 3 2
[i, j]: 4 0
[x]: {(0, 0), (1, 0), (1, 1), (1, 2), (2, 2), (2, 3), (3, 3), (3, 4), (3, 0), (3, 1), (3, 2), (4, 2), (4, 3), (4, 4)}
[i, j]: 0 1
[i, j]: 0 2
[i, j]: 0 3
[i, j]: 0 4
[i, j]: 1 3
[i, j]: 1 4
[i, j]: 2 0
[i, j]: 2 1
[i, j]: 2 4
[i, j]: 4 0
[i, j]: 4 1
[x]: {(0, 0), (1, 0), (1, 1), (1, 2), (2, 2), (2, 3), (2, 4), (3, 4), (3, 0), (3, 1), (3, 2), (3, 3), (4, 3), (4, 4)}
[i, j]: 0 1
[i, j]: 0 2
[i, j]: 0 3
[i, j]: 0 4
[i, j]: 1 3
[i, j]: 1 4
[i, j]: 2 0
[i, j]: 2 1
[i, j]: 4 0
[i, j]: 4 1
[i, j]: 4 2
[x]: {(0, 0), (1, 0), (1, 1), (1, 2), (2, 2), (2, 3), (2, 4), (2, 0), (3, 0), (3, 1), (3, 2), (3, 3), (4, 3), (4, 4)}
[i, j]: 0 1
[i, j]: 0 2
[i, j]: 0 3
[i, j]: 0 4
[i, j]: 1 3
[i, j]: 1 4
[i, j]: 2 1
[i, j]: 3 4
[i, j]: 4 0
[i, j]: 4 1
[i, j]: 4 2
[x]: {(0, 0), (1, 0), (1, 1), (1, 2), (2, 2), (2, 3), (2, 4), (2, 0), (3, 0), (3, 1), (3, 2), (3, 3), (3, 4), (4, 4)}
[i, j]: 0 1
[i, j]: 0 2
[i, j]: 0 3
[i, j]: 0 4
[i, j]: 1 3
[i, j]: 1 4
[i, j]: 2 1
[i, j]: 4 0
[i, j]: 4 1
[i, j]: 4 2
[i, j]: 4 3
[x]: {(0, 0), (1, 0), (1, 1), (1, 2), (2, 2), (2, 3), (2, 4), (2, 0), (2, 1), (3, 1), (3, 2), (3, 3), (4, 3), (4, 4)}
[i, j]: 0 1
[i, j]: 0 2
[i, j]: 0 3
[i, j]: 0 4
[i, j]: 1 3
[i, j]: 1 4
[i, j]: 3 0
[i, j]: 3 4
[i, j]: 4 0
[i, j]: 4 1
[i, j]: 4 2
[x]: {(0, 0), (1, 0), (1, 1), (1, 2), (2, 2), (2, 3), (2, 4), (2, 0), (2, 1), (3, 1), (3, 2), (3, 3), (3, 4), (4, 4)}
[i, j]: 0 1
[i, j]: 0 2
[i, j]: 0 3
[i, j]: 0 4
[i, j]: 1 3
[i, j]: 1 4
[i, j]: 3 0
[i, j]: 4 0
[i, j]: 4 1
[i, j]: 4 2
[i, j]: 4 3
[x]: {(0, 0), (1, 0), (1, 1), (1, 2), (1, 3), (2, 3), (2, 4), (2, 0), (2, 1), (2, 2), (3, 2), (3, 3), (4, 3), (4, 4)}
[i, j]: 0 1
[i, j]: 0 2
[i, j]: 0 3
[i, j]: 0 4
[i, j]: 1 4
[i, j]: 3 0
[i, j]: 3 1
[i, j]: 3 4
[i, j]: 4 0
[i, j]: 4 1
[i, j]: 4 2
[x]: {(0, 0), (1, 0), (1, 1), (1, 2), (1, 3), (2, 3), (2, 4), (2, 0), (2, 1), (2, 2), (3, 2), (3, 3), (3, 4), (4, 4)}
[i, j]: 0 1
[i, j]: 0 2
[i, j]: 0 3
[i, j]: 0 4
[i, j]: 1 4
[i, j]: 3 0
[i, j]: 3 1
[i, j]: 4 0
[i, j]: 4 1
[i, j]: 4 2
[i, j]: 4 3
[x]: {(0, 0), (1, 0), (1, 1), (1, 2), (1, 3), (1, 4), (2, 4), (2, 0), (2, 1), (2, 2), (3, 2), (3, 3), (4, 3), (4, 4)}
[i, j]: 0 1
[i, j]: 0 2
[i, j]: 0 3
[i, j]: 0 4
[i, j]: 2 3
[i, j]: 3 0
[i, j]: 3 1
[i, j]: 3 4
[i, j]: 4 0
[i, j]: 4 1
[i, j]: 4 2
[x]: {(0, 0), (1, 0), (1, 1), (1, 2), (1, 3), (1, 4), (2, 4), (2, 0), (2, 1), (2, 2), (3, 2), (3, 3), (3, 4), (4, 4)}
[i, j]: 0 1
[i, j]: 0 2
[i, j]: 0 3
[i, j]: 0 4
[i, j]: 2 3
[i, j]: 3 0
[i, j]: 3 1
[i, j]: 4 0
[i, j]: 4 1
[i, j]: 4 2
[i, j]: 4 3
[x]: {(0, 0), (1, 0), (1, 1), (1, 2), (1, 3), (1, 4), (2, 4), (2, 0), (2, 1), (2, 2), (2, 3), (3, 3), (4, 3), (4, 4)}
[i, j]: 0 1
[i, j]: 0 2
[i, j]: 0 3
[i, j]: 0 4
[i, j]: 3 0
[i, j]: 3 1
[i, j]: 3 2
[i, j]: 3 4
[i, j]: 4 0
[i, j]: 4 1
[i, j]: 4 2
[x]: {(0, 0), (1, 0), (1, 1), (1, 2), (1, 3), (1, 4), (2, 4), (2, 0), (2, 1), (2, 2), (2, 3), (3, 3), (3, 4), (4, 4)}
[i, j]: 0 1
[i, j]: 0 2
[i, j]: 0 3
[i, j]: 0 4
[i, j]: 3 0
[i, j]: 3 1
[i, j]: 3 2
[i, j]: 4 0
[i, j]: 4 1
[i, j]: 4 2
[i, j]: 4 3
[x]: {(0, 0), (0, 1), (1, 1), (2, 1), (3, 1), (4, 1), (4, 2), (0, 2), (1, 2), (2, 2), (3, 2), (3, 3), (4, 3), (4, 4)}
[i, j]: 0 3
[i, j]: 0 4
[i, j]: 1 0
[i, j]: 1 3
[i, j]: 1 4
[i, j]: 2 0
[i, j]: 2 3
[i, j]: 2 4
[i, j]: 3 0
[i, j]: 3 4
[i, j]: 4 0
[x]: {(0, 0), (0, 1), (1, 1), (2, 1), (3, 1), (4, 1), (4, 2), (0, 2), (1, 2), (2, 2), (3, 2), (3, 3), (3, 4), (4, 4)}
[i, j]: 0 3
[i, j]: 0 4
[i, j]: 1 0
[i, j]: 1 3
[i, j]: 1 4
[i, j]: 2 0
[i, j]: 2 3
[i, j]: 2 4
[i, j]: 3 0
[i, j]: 4 0
[i, j]: 4 3
[x]: {(0, 0), (0, 1), (1, 1), (2, 1), (3, 1), (4, 1), (4, 2), (0, 2), (1, 2), (2, 2), (2, 3), (3, 3), (4, 3), (4, 4)}
[i, j]: 0 3
[i, j]: 0 4
[i, j]: 1 0
[i, j]: 1 3
[i, j]: 1 4
[i, j]: 2 0
[i, j]: 2 4
[i, j]: 3 0
[i, j]: 3 2
[i, j]: 3 4
[i, j]: 4 0
[x]: {(0, 0), (0, 1), (1, 1), (2, 1), (3, 1), (4, 1), (4, 2), (0, 2), (1, 2), (2, 2), (2, 3), (3, 3), (3, 4), (4, 4)}
[i, j]: 0 3
[i, j]: 0 4
[i, j]: 1 0
[i, j]: 1 3
[i, j]: 1 4
[i, j]: 2 0
[i, j]: 2 4
[i, j]: 3 0
[i, j]: 3 2
[i, j]: 4 0
[i, j]: 4 3
[x]: {(0, 0), (0, 1), (1, 1), (2, 1), (3, 1), (3, 2), (4, 2), (0, 2), (1, 2), (2, 2), (2, 3), (3, 3), (4, 3), (4, 4)}
[i, j]: 0 3
[i, j]: 0 4
[i, j]: 1 0
[i, j]: 1 3
[i, j]: 1 4
[i, j]: 2 0
[i, j]: 2 4
[i, j]: 3 0
[i, j]: 3 4
[i, j]: 4 0
[i, j]: 4 1
[x]: {(0, 0), (0, 1), (1, 1), (2, 1), (3, 1), (3, 2), (4, 2), (0, 2), (1, 2), (2, 2), (2, 3), (3, 3), (3, 4), (4, 4)}
[i, j]: 0 3
[i, j]: 0 4
[i, j]: 1 0
[i, j]: 1 3
[i, j]: 1 4
[i, j]: 2 0
[i, j]: 2 4
[i, j]: 3 0
[i, j]: 4 0
[i, j]: 4 1
[i, j]: 4 3
[x]: {(0, 0), (0, 1), (1, 1), (2, 1), (2, 2), (3, 2), (4, 2), (4, 3), (0, 3), (1, 3), (2, 3), (3, 3), (3, 4), (4, 4)}
[i, j]: 0 2
[i, j]: 0 4
[i, j]: 1 0
[i, j]: 1 2
[i, j]: 1 4
[i, j]: 2 0
[i, j]: 2 4
[i, j]: 3 0
[i, j]: 3 1
[i, j]: 4 0
[i, j]: 4 1
[x]: {(0, 0), (0, 1), (1, 1), (2, 1), (2, 2), (3, 2), (4, 2), (0, 2), (1, 2), (1, 3), (2, 3), (3, 3), (4, 3), (4, 4)}
[i, j]: 0 3
[i, j]: 0 4
[i, j]: 1 0
[i, j]: 1 4
[i, j]: 2 0
[i, j]: 2 4
[i, j]: 3 0
[i, j]: 3 1
[i, j]: 3 4
[i, j]: 4 0
[i, j]: 4 1
[x]: {(0, 0), (0, 1), (1, 1), (2, 1), (2, 2), (3, 2), (4, 2), (0, 2), (1, 2), (1, 3), (2, 3), (3, 3), (3, 4), (4, 4)}
[i, j]: 0 3
[i, j]: 0 4
[i, j]: 1 0
[i, j]: 1 4
[i, j]: 2 0
[i, j]: 2 4
[i, j]: 3 0
[i, j]: 3 1
[i, j]: 4 0
[i, j]: 4 1
[i, j]: 4 3
[x]: {(0, 0), (0, 1), (1, 1), (2, 1), (2, 2), (3, 2), (4, 2), (0, 2), (0, 3), (1, 3), (2, 3), (3, 3), (4, 3), (4, 4)}
[i, j]: 0 4
[i, j]: 1 0
[i, j]: 1 2
[i, j]: 1 4
[i, j]: 2 0
[i, j]: 2 4
[i, j]: 3 0
[i, j]: 3 1
[i, j]: 3 4
[i, j]: 4 0
[i, j]: 4 1
[x]: {(0, 0), (0, 1), (1, 1), (2, 1), (2, 2), (3, 2), (4, 2), (0, 2), (0, 3), (1, 3), (2, 3), (3, 3), (3, 4), (4, 4)}
[i, j]: 0 4
[i, j]: 1 0
[i, j]: 1 2
[i, j]: 1 4
[i, j]: 2 0
[i, j]: 2 4
[i, j]: 3 0
[i, j]: 3 1
[i, j]: 4 0
[i, j]: 4 1
[i, j]: 4 3
[x]: {(0, 0), (0, 1), (1, 1), (2, 1), (2, 2), (3, 2), (3, 3), (4, 3), (0, 3), (1, 3), (2, 3), (2, 4), (3, 4), (4, 4)}
[i, j]: 0 2
[i, j]: 0 4
[i, j]: 1 0
[i, j]: 1 2
[i, j]: 1 4
[i, j]: 2 0
[i, j]: 3 0
[i, j]: 3 1
[i, j]: 4 0
[i, j]: 4 1
[i, j]: 4 2
[x]: {(0, 0), (0, 1), (1, 1), (2, 1), (2, 2), (3, 2), (3, 3), (4, 3), (0, 3), (1, 3), (1, 4), (2, 4), (3, 4), (4, 4)}
[i, j]: 0 2
[i, j]: 0 4
[i, j]: 1 0
[i, j]: 1 2
[i, j]: 2 0
[i, j]: 2 3
[i, j]: 3 0
[i, j]: 3 1
[i, j]: 4 0
[i, j]: 4 1
[i, j]: 4 2
[x]: {(0, 0), (0, 1), (1, 1), (2, 1), (2, 2), (3, 2), (3, 3), (4, 3), (0, 3), (0, 4), (1, 4), (2, 4), (3, 4), (4, 4)}
[i, j]: 0 2
[i, j]: 1 0
[i, j]: 1 2
[i, j]: 1 3
[i, j]: 2 0
[i, j]: 2 3
[i, j]: 3 0
[i, j]: 3 1
[i, j]: 4 0
[i, j]: 4 1
[i, j]: 4 2
[x]: {(0, 0), (0, 1), (1, 1), (2, 1), (2, 2), (3, 2), (3, 3), (3, 4), (3, 0), (4, 0), (4, 1), (4, 2), (4, 3), (4, 4)}
[i, j]: 0 2
[i, j]: 0 3
[i, j]: 0 4
[i, j]: 1 0
[i, j]: 1 2
[i, j]: 1 3
[i, j]: 1 4
[i, j]: 2 0
[i, j]: 2 3
[i, j]: 2 4
[i, j]: 3 1
[x]: {(0, 0), (0, 1), (1, 1), (2, 1), (2, 2), (3, 2), (3, 3), (3, 4), (3, 0), (3, 1), (4, 1), (4, 2), (4, 3), (4, 4)}
[i, j]: 0 2
[i, j]: 0 3
[i, j]: 0 4
[i, j]: 1 0
[i, j]: 1 2
[i, j]: 1 3
[i, j]: 1 4
[i, j]: 2 0
[i, j]: 2 3
[i, j]: 2 4
[i, j]: 4 0
[x]: {(0, 0), (0, 1), (1, 1), (2, 1), (2, 2), (2, 3), (3, 3), (4, 3), (0, 3), (1, 3), (1, 4), (2, 4), (3, 4), (4, 4)}
[i, j]: 0 2
[i, j]: 0 4
[i, j]: 1 0
[i, j]: 1 2
[i, j]: 2 0
[i, j]: 3 0
[i, j]: 3 1
[i, j]: 3 2
[i, j]: 4 0
[i, j]: 4 1
[i, j]: 4 2
[x]: {(0, 0), (0, 1), (1, 1), (2, 1), (2, 2), (2, 3), (3, 3), (4, 3), (0, 3), (0, 4), (1, 4), (2, 4), (3, 4), (4, 4)}
[i, j]: 0 2
[i, j]: 1 0
[i, j]: 1 2
[i, j]: 1 3
[i, j]: 2 0
[i, j]: 3 0
[i, j]: 3 1
[i, j]: 3 2
[i, j]: 4 0
[i, j]: 4 1
[i, j]: 4 2
[x]: {(0, 0), (0, 1), (1, 1), (2, 1), (2, 2), (2, 3), (3, 3), (3, 4), (3, 0), (4, 0), (4, 1), (4, 2), (4, 3), (4, 4)}
[i, j]: 0 2
[i, j]: 0 3
[i, j]: 0 4
[i, j]: 1 0
[i, j]: 1 2
[i, j]: 1 3
[i, j]: 1 4
[i, j]: 2 0
[i, j]: 2 4
[i, j]: 3 1
[i, j]: 3 2
[x]: {(0, 0), (0, 1), (1, 1), (2, 1), (2, 2), (2, 3), (3, 3), (3, 4), (3, 0), (3, 1), (4, 1), (4, 2), (4, 3), (4, 4)}
[i, j]: 0 2
[i, j]: 0 3
[i, j]: 0 4
[i, j]: 1 0
[i, j]: 1 2
[i, j]: 1 3
[i, j]: 1 4
[i, j]: 2 0
[i, j]: 2 4
[i, j]: 3 2
[i, j]: 4 0
[x]: {(0, 0), (0, 1), (1, 1), (2, 1), (2, 2), (2, 3), (3, 3), (3, 4), (3, 0), (3, 1), (3, 2), (4, 2), (4, 3), (4, 4)}
[i, j]: 0 2
[i, j]: 0 3
[i, j]: 0 4
[i, j]: 1 0
[i, j]: 1 2
[i, j]: 1 3
[i, j]: 1 4
[i, j]: 2 0
[i, j]: 2 4
[i, j]: 4 0
[i, j]: 4 1
[x]: {(0, 0), (0, 1), (1, 1), (2, 1), (2, 2), (2, 3), (2, 4), (3, 4), (3, 0), (3, 1), (3, 2), (3, 3), (4, 3), (4, 4)}
[i, j]: 0 2
[i, j]: 0 3
[i, j]: 0 4
[i, j]: 1 0
[i, j]: 1 2
[i, j]: 1 3
[i, j]: 1 4
[i, j]: 2 0
[i, j]: 4 0
[i, j]: 4 1
[i, j]: 4 2
[x]: {(0, 0), (0, 1), (1, 1), (2, 1), (2, 2), (2, 3), (2, 4), (2, 0), (3, 0), (3, 1), (3, 2), (3, 3), (4, 3), (4, 4)}
[i, j]: 0 2
[i, j]: 0 3
[i, j]: 0 4
[i, j]: 1 0
[i, j]: 1 2
[i, j]: 1 3
[i, j]: 1 4
[i, j]: 3 4
[i, j]: 4 0
[i, j]: 4 1
[i, j]: 4 2
[x]: {(0, 0), (0, 1), (1, 1), (2, 1), (2, 2), (2, 3), (2, 4), (2, 0), (3, 0), (3, 1), (3, 2), (3, 3), (3, 4), (4, 4)}
[i, j]: 0 2
[i, j]: 0 3
[i, j]: 0 4
[i, j]: 1 0
[i, j]: 1 2
[i, j]: 1 3
[i, j]: 1 4
[i, j]: 4 0
[i, j]: 4 1
[i, j]: 4 2
[i, j]: 4 3
[x]: {(0, 0), (0, 1), (1, 1), (1, 2), (2, 2), (3, 2), (4, 2), (4, 3), (0, 3), (1, 3), (2, 3), (3, 3), (3, 4), (4, 4)}
[i, j]: 0 2
[i, j]: 0 4
[i, j]: 1 0
[i, j]: 1 4
[i, j]: 2 0
[i, j]: 2 1
[i, j]: 2 4
[i, j]: 3 0
[i, j]: 3 1
[i, j]: 4 0
[i, j]: 4 1
[x]: {(0, 0), (0, 1), (1, 1), (1, 2), (2, 2), (3, 2), (4, 2), (0, 2), (0, 3), (1, 3), (2, 3), (3, 3), (4, 3), (4, 4)}
[i, j]: 0 4
[i, j]: 1 0
[i, j]: 1 4
[i, j]: 2 0
[i, j]: 2 1
[i, j]: 2 4
[i, j]: 3 0
[i, j]: 3 1
[i, j]: 3 4
[i, j]: 4 0
[i, j]: 4 1
[x]: {(0, 0), (0, 1), (1, 1), (1, 2), (2, 2), (3, 2), (4, 2), (0, 2), (0, 3), (1, 3), (2, 3), (3, 3), (3, 4), (4, 4)}
[i, j]: 0 4
[i, j]: 1 0
[i, j]: 1 4
[i, j]: 2 0
[i, j]: 2 1
[i, j]: 2 4
[i, j]: 3 0
[i, j]: 3 1
[i, j]: 4 0
[i, j]: 4 1
[i, j]: 4 3
[x]: {(0, 0), (0, 1), (1, 1), (1, 2), (2, 2), (3, 2), (3, 3), (4, 3), (0, 3), (1, 3), (2, 3), (2, 4), (3, 4), (4, 4)}
[i, j]: 0 2
[i, j]: 0 4
[i, j]: 1 0
[i, j]: 1 4
[i, j]: 2 0
[i, j]: 2 1
[i, j]: 3 0
[i, j]: 3 1
[i, j]: 4 0
[i, j]: 4 1
[i, j]: 4 2
[x]: {(0, 0), (0, 1), (1, 1), (1, 2), (2, 2), (3, 2), (3, 3), (4, 3), (0, 3), (1, 3), (1, 4), (2, 4), (3, 4), (4, 4)}
[i, j]: 0 2
[i, j]: 0 4
[i, j]: 1 0
[i, j]: 2 0
[i, j]: 2 1
[i, j]: 2 3
[i, j]: 3 0
[i, j]: 3 1
[i, j]: 4 0
[i, j]: 4 1
[i, j]: 4 2
[x]: {(0, 0), (0, 1), (1, 1), (1, 2), (2, 2), (3, 2), (3, 3), (4, 3), (0, 3), (0, 4), (1, 4), (2, 4), (3, 4), (4, 4)}
[i, j]: 0 2
[i, j]: 1 0
[i, j]: 1 3
[i, j]: 2 0
[i, j]: 2 1
[i, j]: 2 3
[i, j]: 3 0
[i, j]: 3 1
[i, j]: 4 0
[i, j]: 4 1
[i, j]: 4 2
[x]: {(0, 0), (0, 1), (1, 1), (1, 2), (2, 2), (3, 2), (3, 3), (3, 4), (3, 0), (4, 0), (4, 1), (4, 2), (4, 3), (4, 4)}
[i, j]: 0 2
[i, j]: 0 3
[i, j]: 0 4
[i, j]: 1 0
[i, j]: 1 3
[i, j]: 1 4
[i, j]: 2 0
[i, j]: 2 1
[i, j]: 2 3
[i, j]: 2 4
[i, j]: 3 1
[x]: {(0, 0), (0, 1), (1, 1), (1, 2), (2, 2), (3, 2), (3, 3), (3, 4), (3, 0), (3, 1), (4, 1), (4, 2), (4, 3), (4, 4)}
[i, j]: 0 2
[i, j]: 0 3
[i, j]: 0 4
[i, j]: 1 0
[i, j]: 1 3
[i, j]: 1 4
[i, j]: 2 0
[i, j]: 2 1
[i, j]: 2 3
[i, j]: 2 4
[i, j]: 4 0
[x]: {(0, 0), (0, 1), (1, 1), (1, 2), (2, 2), (2, 3), (3, 3), (4, 3), (0, 3), (1, 3), (1, 4), (2, 4), (3, 4), (4, 4)}
[i, j]: 0 2
[i, j]: 0 4
[i, j]: 1 0
[i, j]: 2 0
[i, j]: 2 1
[i, j]: 3 0
[i, j]: 3 1
[i, j]: 3 2
[i, j]: 4 0
[i, j]: 4 1
[i, j]: 4 2
[x]: {(0, 0), (0, 1), (1, 1), (1, 2), (2, 2), (2, 3), (3, 3), (4, 3), (0, 3), (0, 4), (1, 4), (2, 4), (3, 4), (4, 4)}
[i, j]: 0 2
[i, j]: 1 0
[i, j]: 1 3
[i, j]: 2 0
[i, j]: 2 1
[i, j]: 3 0
[i, j]: 3 1
[i, j]: 3 2
[i, j]: 4 0
[i, j]: 4 1
[i, j]: 4 2
[x]: {(0, 0), (0, 1), (1, 1), (1, 2), (2, 2), (2, 3), (3, 3), (3, 4), (3, 0), (4, 0), (4, 1), (4, 2), (4, 3), (4, 4)}
[i, j]: 0 2
[i, j]: 0 3
[i, j]: 0 4
[i, j]: 1 0
[i, j]: 1 3
[i, j]: 1 4
[i, j]: 2 0
[i, j]: 2 1
[i, j]: 2 4
[i, j]: 3 1
[i, j]: 3 2
[x]: {(0, 0), (0, 1), (1, 1), (1, 2), (2, 2), (2, 3), (3, 3), (3, 4), (3, 0), (3, 1), (4, 1), (4, 2), (4, 3), (4, 4)}
[i, j]: 0 2
[i, j]: 0 3
[i, j]: 0 4
[i, j]: 1 0
[i, j]: 1 3
[i, j]: 1 4
[i, j]: 2 0
[i, j]: 2 1
[i, j]: 2 4
[i, j]: 3 2
[i, j]: 4 0
[x]: {(0, 0), (0, 1), (1, 1), (1, 2), (2, 2), (2, 3), (3, 3), (3, 4), (3, 0), (3, 1), (3, 2), (4, 2), (4, 3), (4, 4)}
[i, j]: 0 2
[i, j]: 0 3
[i, j]: 0 4
[i, j]: 1 0
[i, j]: 1 3
[i, j]: 1 4
[i, j]: 2 0
[i, j]: 2 1
[i, j]: 2 4
[i, j]: 4 0
[i, j]: 4 1
[x]: {(0, 0), (0, 1), (1, 1), (1, 2), (2, 2), (2, 3), (2, 4), (3, 4), (3, 0), (3, 1), (3, 2), (3, 3), (4, 3), (4, 4)}
[i, j]: 0 2
[i, j]: 0 3
[i, j]: 0 4
[i, j]: 1 0
[i, j]: 1 3
[i, j]: 1 4
[i, j]: 2 0
[i, j]: 2 1
[i, j]: 4 0
[i, j]: 4 1
[i, j]: 4 2
[x]: {(0, 0), (0, 1), (1, 1), (1, 2), (2, 2), (2, 3), (2, 4), (2, 0), (3, 0), (3, 1), (3, 2), (3, 3), (4, 3), (4, 4)}
[i, j]: 0 2
[i, j]: 0 3
[i, j]: 0 4
[i, j]: 1 0
[i, j]: 1 3
[i, j]: 1 4
[i, j]: 2 1
[i, j]: 3 4
[i, j]: 4 0
[i, j]: 4 1
[i, j]: 4 2
[x]: {(0, 0), (0, 1), (1, 1), (1, 2), (2, 2), (2, 3), (2, 4), (2, 0), (3, 0), (3, 1), (3, 2), (3, 3), (3, 4), (4, 4)}
[i, j]: 0 2
[i, j]: 0 3
[i, j]: 0 4
[i, j]: 1 0
[i, j]: 1 3
[i, j]: 1 4
[i, j]: 2 1
[i, j]: 4 0
[i, j]: 4 1
[i, j]: 4 2
[i, j]: 4 3
[x]: {(0, 0), (0, 1), (1, 1), (1, 2), (2, 2), (2, 3), (2, 4), (2, 0), (2, 1), (3, 1), (3, 2), (3, 3), (4, 3), (4, 4)}
[i, j]: 0 2
[i, j]: 0 3
[i, j]: 0 4
[i, j]: 1 0
[i, j]: 1 3
[i, j]: 1 4
[i, j]: 3 0
[i, j]: 3 4
[i, j]: 4 0
[i, j]: 4 1
[i, j]: 4 2
[x]: {(0, 0), (0, 1), (1, 1), (1, 2), (2, 2), (2, 3), (2, 4), (2, 0), (2, 1), (3, 1), (3, 2), (3, 3), (3, 4), (4, 4)}
[i, j]: 0 2
[i, j]: 0 3
[i, j]: 0 4
[i, j]: 1 0
[i, j]: 1 3
[i, j]: 1 4
[i, j]: 3 0
[i, j]: 4 0
[i, j]: 4 1
[i, j]: 4 2
[i, j]: 4 3
[x]: {(0, 0), (0, 1), (1, 1), (1, 2), (1, 3), (2, 3), (2, 4), (2, 0), (2, 1), (2, 2), (3, 2), (3, 3), (4, 3), (4, 4)}
[i, j]: 0 2
[i, j]: 0 3
[i, j]: 0 4
[i, j]: 1 0
[i, j]: 1 4
[i, j]: 3 0
[i, j]: 3 1
[i, j]: 3 4
[i, j]: 4 0
[i, j]: 4 1
[i, j]: 4 2
[x]: {(0, 0), (0, 1), (1, 1), (1, 2), (1, 3), (2, 3), (2, 4), (2, 0), (2, 1), (2, 2), (3, 2), (3, 3), (3, 4), (4, 4)}
[i, j]: 0 2
[i, j]: 0 3
[i, j]: 0 4
[i, j]: 1 0
[i, j]: 1 4
[i, j]: 3 0
[i, j]: 3 1
[i, j]: 4 0
[i, j]: 4 1
[i, j]: 4 2
[i, j]: 4 3
[x]: {(0, 0), (0, 1), (1, 1), (1, 2), (1, 3), (1, 4), (2, 4), (2, 0), (2, 1), (2, 2), (3, 2), (3, 3), (4, 3), (4, 4)}
[i, j]: 0 2
[i, j]: 0 3
[i, j]: 0 4
[i, j]: 1 0
[i, j]: 2 3
[i, j]: 3 0
[i, j]: 3 1
[i, j]: 3 4
[i, j]: 4 0
[i, j]: 4 1
[i, j]: 4 2
[x]: {(0, 0), (0, 1), (1, 1), (1, 2), (1, 3), (1, 4), (2, 4), (2, 0), (2, 1), (2, 2), (3, 2), (3, 3), (3, 4), (4, 4)}
[i, j]: 0 2
[i, j]: 0 3
[i, j]: 0 4
[i, j]: 1 0
[i, j]: 2 3
[i, j]: 3 0
[i, j]: 3 1
[i, j]: 4 0
[i, j]: 4 1
[i, j]: 4 2
[i, j]: 4 3
[x]: {(0, 0), (0, 1), (1, 1), (1, 2), (1, 3), (1, 4), (2, 4), (2, 0), (2, 1), (2, 2), (2, 3), (3, 3), (4, 3), (4, 4)}
[i, j]: 0 2
[i, j]: 0 3
[i, j]: 0 4
[i, j]: 1 0
[i, j]: 3 0
[i, j]: 3 1
[i, j]: 3 2
[i, j]: 3 4
[i, j]: 4 0
[i, j]: 4 1
[i, j]: 4 2
[x]: {(0, 0), (0, 1), (1, 1), (1, 2), (1, 3), (1, 4), (2, 4), (2, 0), (2, 1), (2, 2), (2, 3), (3, 3), (3, 4), (4, 4)}
[i, j]: 0 2
[i, j]: 0 3
[i, j]: 0 4
[i, j]: 1 0
[i, j]: 3 0
[i, j]: 3 1
[i, j]: 3 2
[i, j]: 4 0
[i, j]: 4 1
[i, j]: 4 2
[i, j]: 4 3
[x]: {(0, 0), (0, 1), (1, 1), (1, 2), (1, 3), (1, 4), (1, 0), (2, 0), (2, 1), (2, 2), (3, 2), (3, 3), (4, 3), (4, 4)}
[i, j]: 0 2
[i, j]: 0 3
[i, j]: 0 4
[i, j]: 2 3
[i, j]: 2 4
[i, j]: 3 0
[i, j]: 3 1
[i, j]: 3 4
[i, j]: 4 0
[i, j]: 4 1
[i, j]: 4 2
[x]: {(0, 0), (0, 1), (1, 1), (1, 2), (1, 3), (1, 4), (1, 0), (2, 0), (2, 1), (2, 2), (3, 2), (3, 3), (3, 4), (4, 4)}
[i, j]: 0 2
[i, j]: 0 3
[i, j]: 0 4
[i, j]: 2 3
[i, j]: 2 4
[i, j]: 3 0
[i, j]: 3 1
[i, j]: 4 0
[i, j]: 4 1
[i, j]: 4 2
[i, j]: 4 3
[x]: {(0, 0), (0, 1), (1, 1), (1, 2), (1, 3), (1, 4), (1, 0), (2, 0), (2, 1), (2, 2), (2, 3), (3, 3), (4, 3), (4, 4)}
[i, j]: 0 2
[i, j]: 0 3
[i, j]: 0 4
[i, j]: 2 4
[i, j]: 3 0
[i, j]: 3 1
[i, j]: 3 2
[i, j]: 3 4
[i, j]: 4 0
[i, j]: 4 1
[i, j]: 4 2
[x]: {(0, 0), (0, 1), (1, 1), (1, 2), (1, 3), (1, 4), (1, 0), (2, 0), (2, 1), (2, 2), (2, 3), (3, 3), (3, 4), (4, 4)}
[i, j]: 0 2
[i, j]: 0 3
[i, j]: 0 4
[i, j]: 2 4
[i, j]: 3 0
[i, j]: 3 1
[i, j]: 3 2
[i, j]: 4 0
[i, j]: 4 1
[i, j]: 4 2
[i, j]: 4 3
[x]: {(0, 0), (0, 1), (0, 2), (1, 2), (1, 3), (1, 4), (1, 0), (1, 1), (2, 1), (2, 2), (3, 2), (3, 3), (4, 3), (4, 4)}
[i, j]: 0 3
[i, j]: 0 4
[i, j]: 2 0
[i, j]: 2 3
[i, j]: 2 4
[i, j]: 3 0
[i, j]: 3 1
[i, j]: 3 4
[i, j]: 4 0
[i, j]: 4 1
[i, j]: 4 2
[x]: {(0, 0), (0, 1), (0, 2), (1, 2), (1, 3), (1, 4), (1, 0), (1, 1), (2, 1), (2, 2), (3, 2), (3, 3), (3, 4), (4, 4)}
[i, j]: 0 3
[i, j]: 0 4
[i, j]: 2 0
[i, j]: 2 3
[i, j]: 2 4
[i, j]: 3 0
[i, j]: 3 1
[i, j]: 4 0
[i, j]: 4 1
[i, j]: 4 2
[i, j]: 4 3
[x]: {(0, 0), (0, 1), (0, 2), (1, 2), (1, 3), (1, 4), (1, 0), (1, 1), (2, 1), (2, 2), (2, 3), (3, 3), (4, 3), (4, 4)}
[i, j]: 0 3
[i, j]: 0 4
[i, j]: 2 0
[i, j]: 2 4
[i, j]: 3 0
[i, j]: 3 1
[i, j]: 3 2
[i, j]: 3 4
[i, j]: 4 0
[i, j]: 4 1
[i, j]: 4 2
[x]: {(0, 0), (0, 1), (0, 2), (1, 2), (1, 3), (1, 4), (1, 0), (1, 1), (2, 1), (2, 2), (2, 3), (3, 3), (3, 4), (4, 4)}
[i, j]: 0 3
[i, j]: 0 4
[i, j]: 2 0
[i, j]: 2 4
[i, j]: 3 0
[i, j]: 3 1
[i, j]: 3 2
[i, j]: 4 0
[i, j]: 4 1
[i, j]: 4 2
[i, j]: 4 3
[x]: {(0, 0), (0, 1), (0, 2), (0, 3), (1, 3), (1, 4), (1, 0), (1, 1), (2, 1), (2, 2), (3, 2), (3, 3), (4, 3), (4, 4)}
[i, j]: 0 4
[i, j]: 1 2
[i, j]: 2 0
[i, j]: 2 3
[i, j]: 2 4
[i, j]: 3 0
[i, j]: 3 1
[i, j]: 3 4
[i, j]: 4 0
[i, j]: 4 1
[i, j]: 4 2
[x]: {(0, 0), (0, 1), (0, 2), (0, 3), (1, 3), (1, 4), (1, 0), (1, 1), (2, 1), (2, 2), (3, 2), (3, 3), (3, 4), (4, 4)}
[i, j]: 0 4
[i, j]: 1 2
[i, j]: 2 0
[i, j]: 2 3
[i, j]: 2 4
[i, j]: 3 0
[i, j]: 3 1
[i, j]: 4 0
[i, j]: 4 1
[i, j]: 4 2
[i, j]: 4 3
[x]: {(0, 0), (0, 1), (0, 2), (0, 3), (1, 3), (1, 4), (1, 0), (1, 1), (2, 1), (2, 2), (2, 3), (3, 3), (4, 3), (4, 4)}
[i, j]: 0 4
[i, j]: 1 2
[i, j]: 2 0
[i, j]: 2 4
[i, j]: 3 0
[i, j]: 3 1
[i, j]: 3 2
[i, j]: 3 4
[i, j]: 4 0
[i, j]: 4 1
[i, j]: 4 2
[x]: {(0, 0), (0, 1), (0, 2), (0, 3), (1, 3), (1, 4), (1, 0), (1, 1), (2, 1), (2, 2), (2, 3), (3, 3), (3, 4), (4, 4)}
[i, j]: 0 4
[i, j]: 1 2
[i, j]: 2 0
[i, j]: 2 4
[i, j]: 3 0
[i, j]: 3 1
[i, j]: 3 2
[i, j]: 4 0
[i, j]: 4 1
[i, j]: 4 2
[i, j]: 4 3
[x]: {(0, 0), (0, 1), (0, 2), (0, 3), (1, 3), (1, 4), (1, 0), (1, 1), (1, 2), (2, 2), (3, 2), (3, 3), (4, 3), (4, 4)}
[i, j]: 0 4
[i, j]: 2 0
[i, j]: 2 1
[i, j]: 2 3
[i, j]: 2 4
[i, j]: 3 0
[i, j]: 3 1
[i, j]: 3 4
[i, j]: 4 0
[i, j]: 4 1
[i, j]: 4 2
[x]: {(0, 0), (0, 1), (0, 2), (0, 3), (1, 3), (1, 4), (1, 0), (1, 1), (1, 2), (2, 2), (3, 2), (3, 3), (3, 4), (4, 4)}
[i, j]: 0 4
[i, j]: 2 0
[i, j]: 2 1
[i, j]: 2 3
[i, j]: 2 4
[i, j]: 3 0
[i, j]: 3 1
[i, j]: 4 0
[i, j]: 4 1
[i, j]: 4 2
[i, j]: 4 3
[x]: {(0, 0), (0, 1), (0, 2), (0, 3), (1, 3), (1, 4), (1, 0), (1, 1), (1, 2), (2, 2), (2, 3), (3, 3), (4, 3), (4, 4)}
[i, j]: 0 4
[i, j]: 2 0
[i, j]: 2 1
[i, j]: 2 4
[i, j]: 3 0
[i, j]: 3 1
[i, j]: 3 2
[i, j]: 3 4
[i, j]: 4 0
[i, j]: 4 1
[i, j]: 4 2
[x]: {(0, 0), (0, 1), (0, 2), (0, 3), (1, 3), (1, 4), (1, 0), (1, 1), (1, 2), (2, 2), (2, 3), (3, 3), (3, 4), (4, 4)}
[i, j]: 0 4
[i, j]: 2 0
[i, j]: 2 1
[i, j]: 2 4
[i, j]: 3 0
[i, j]: 3 1
[i, j]: 3 2
[i, j]: 4 0
[i, j]: 4 1
[i, j]: 4 2
[i, j]: 4 3
[x]: {(0, 0), (0, 1), (0, 2), (0, 3), (0, 4), (1, 4), (1, 0), (1, 1), (2, 1), (2, 2), (3, 2), (3, 3), (4, 3), (4, 4)}
[i, j]: 1 2
[i, j]: 1 3
[i, j]: 2 0
[i, j]: 2 3
[i, j]: 2 4
[i, j]: 3 0
[i, j]: 3 1
[i, j]: 3 4
[i, j]: 4 0
[i, j]: 4 1
[i, j]: 4 2
[x]: {(0, 0), (0, 1), (0, 2), (0, 3), (0, 4), (1, 4), (1, 0), (1, 1), (2, 1), (2, 2), (3, 2), (3, 3), (3, 4), (4, 4)}
[i, j]: 1 2
[i, j]: 1 3
[i, j]: 2 0
[i, j]: 2 3
[i, j]: 2 4
[i, j]: 3 0
[i, j]: 3 1
[i, j]: 4 0
[i, j]: 4 1
[i, j]: 4 2
[i, j]: 4 3
[x]: {(0, 0), (0, 1), (0, 2), (0, 3), (0, 4), (1, 4), (1, 0), (1, 1), (2, 1), (2, 2), (2, 3), (3, 3), (4, 3), (4, 4)}
[i, j]: 1 2
[i, j]: 1 3
[i, j]: 2 0
[i, j]: 2 4
[i, j]: 3 0
[i, j]: 3 1
[i, j]: 3 2
[i, j]: 3 4
[i, j]: 4 0
[i, j]: 4 1
[i, j]: 4 2
[x]: {(0, 0), (0, 1), (0, 2), (0, 3), (0, 4), (1, 4), (1, 0), (1, 1), (2, 1), (2, 2), (2, 3), (3, 3), (3, 4), (4, 4)}
[i, j]: 1 2
[i, j]: 1 3
[i, j]: 2 0
[i, j]: 2 4
[i, j]: 3 0
[i, j]: 3 1
[i, j]: 3 2
[i, j]: 4 0
[i, j]: 4 1
[i, j]: 4 2
[i, j]: 4 3
[x]: {(0, 0), (0, 1), (0, 2), (0, 3), (0, 4), (1, 4), (1, 0), (1, 1), (1, 2), (2, 2), (3, 2), (3, 3), (4, 3), (4, 4)}
[i, j]: 1 3
[i, j]: 2 0
[i, j]: 2 1
[i, j]: 2 3
[i, j]: 2 4
[i, j]: 3 0
[i, j]: 3 1
[i, j]: 3 4
[i, j]: 4 0
[i, j]: 4 1
[i, j]: 4 2
[x]: {(0, 0), (0, 1), (0, 2), (0, 3), (0, 4), (1, 4), (1, 0), (1, 1), (1, 2), (2, 2), (3, 2), (3, 3), (3, 4), (4, 4)}
[i, j]: 1 3
[i, j]: 2 0
[i, j]: 2 1
[i, j]: 2 3
[i, j]: 2 4
[i, j]: 3 0
[i, j]: 3 1
[i, j]: 4 0
[i, j]: 4 1
[i, j]: 4 2
[i, j]: 4 3
[x]: {(0, 0), (0, 1), (0, 2), (0, 3), (0, 4), (1, 4), (1, 0), (1, 1), (1, 2), (2, 2), (2, 3), (3, 3), (4, 3), (4, 4)}
[i, j]: 1 3
[i, j]: 2 0
[i, j]: 2 1
[i, j]: 2 4
[i, j]: 3 0
[i, j]: 3 1
[i, j]: 3 2
[i, j]: 3 4
[i, j]: 4 0
[i, j]: 4 1
[i, j]: 4 2
[x]: {(0, 0), (0, 1), (0, 2), (0, 3), (0, 4), (1, 4), (1, 0), (1, 1), (1, 2), (2, 2), (2, 3), (3, 3), (3, 4), (4, 4)}
[i, j]: 1 3
[i, j]: 2 0
[i, j]: 2 1
[i, j]: 2 4
[i, j]: 3 0
[i, j]: 3 1
[i, j]: 3 2
[i, j]: 4 0
[i, j]: 4 1
[i, j]: 4 2
[i, j]: 4 3
[x]: {(0, 0), (1, 0), (1, 1), (2, 1), (2, 2), (3, 2), (3, 3), (4, 3), (4, 4)}
[i, j]: 0 1
[i, j]: 0 2
[i, j]: 0 3
[i, j]: 0 4
[i, j]: 1 2
[i, j]: 1 3
[i, j]: 1 4
[i, j]: 2 0
[i, j]: 2 3
[i, j]: 2 4
[i, j]: 3 0
[i, j]: 3 1
[i, j]: 3 4
[i, j]: 4 0
[i, j]: 4 1
[i, j]: 4 2
[x]: {(0, 0), (1, 0), (1, 1), (2, 1), (2, 2), (3, 2), (3, 3), (3, 4), (4, 4)}
[i, j]: 0 1
[i, j]: 0 2
[i, j]: 0 3
[i, j]: 0 4
[i, j]: 1 2
[i, j]: 1 3
[i, j]: 1 4
[i, j]: 2 0
[i, j]: 2 3
[i, j]: 2 4
[i, j]: 3 0
[i, j]: 3 1
[i, j]: 4 0
[i, j]: 4 1
[i, j]: 4 2
[i, j]: 4 3
[x]: {(0, 0), (1, 0), (1, 1), (2, 1), (2, 2), (2, 3), (3, 3), (4, 3), (4, 4)}
[i, j]: 0 1
[i, j]: 0 2
[i, j]: 0 3
[i, j]: 0 4
[i, j]: 1 2
[i, j]: 1 3
[i, j]: 1 4
[i, j]: 2 0
[i, j]: 2 4
[i, j]: 3 0
[i, j]: 3 1
[i, j]: 3 2
[i, j]: 3 4
[i, j]: 4 0
[i, j]: 4 1
[i, j]: 4 2
[x]: {(0, 0), (1, 0), (1, 1), (2, 1), (2, 2), (2, 3), (3, 3), (3, 4), (4, 4)}
[i, j]: 0 1
[i, j]: 0 2
[i, j]: 0 3
[i, j]: 0 4
[i, j]: 1 2
[i, j]: 1 3
[i, j]: 1 4
[i, j]: 2 0
[i, j]: 2 4
[i, j]: 3 0
[i, j]: 3 1
[i, j]: 3 2
[i, j]: 4 0
[i, j]: 4 1
[i, j]: 4 2
[i, j]: 4 3
[x]: {(0, 0), (1, 0), (1, 1), (1, 2), (2, 2), (3, 2), (3, 3), (4, 3), (4, 4)}
[i, j]: 0 1
[i, j]: 0 2
[i, j]: 0 3
[i, j]: 0 4
[i, j]: 1 3
[i, j]: 1 4
[i, j]: 2 0
[i, j]: 2 1
[i, j]: 2 3
[i, j]: 2 4
[i, j]: 3 0
[i, j]: 3 1
[i, j]: 3 4
[i, j]: 4 0
[i, j]: 4 1
[i, j]: 4 2
[x]: {(0, 0), (1, 0), (1, 1), (1, 2), (2, 2), (3, 2), (3, 3), (3, 4), (4, 4)}
[i, j]: 0 1
[i, j]: 0 2
[i, j]: 0 3
[i, j]: 0 4
[i, j]: 1 3
[i, j]: 1 4
[i, j]: 2 0
[i, j]: 2 1
[i, j]: 2 3
[i, j]: 2 4
[i, j]: 3 0
[i, j]: 3 1
[i, j]: 4 0
[i, j]: 4 1
[i, j]: 4 2
[i, j]: 4 3
[x]: {(0, 0), (1, 0), (1, 1), (1, 2), (2, 2), (2, 3), (3, 3), (4, 3), (4, 4)}
[i, j]: 0 1
[i, j]: 0 2
[i, j]: 0 3
[i, j]: 0 4
[i, j]: 1 3
[i, j]: 1 4
[i, j]: 2 0
[i, j]: 2 1
[i, j]: 2 4
[i, j]: 3 0
[i, j]: 3 1
[i, j]: 3 2
[i, j]: 3 4
[i, j]: 4 0
[i, j]: 4 1
[i, j]: 4 2
[x]: {(0, 0), (1, 0), (1, 1), (1, 2), (2, 2), (2, 3), (3, 3), (3, 4), (4, 4)}
[i, j]: 0 1
[i, j]: 0 2
[i, j]: 0 3
[i, j]: 0 4
[i, j]: 1 3
[i, j]: 1 4
[i, j]: 2 0
[i, j]: 2 1
[i, j]: 2 4
[i, j]: 3 0
[i, j]: 3 1
[i, j]: 3 2
[i, j]: 4 0
[i, j]: 4 1
[i, j]: 4 2
[i, j]: 4 3
[x]: {(0, 0), (0, 1), (1, 1), (2, 1), (2, 2), (3, 2), (3, 3), (4, 3), (4, 4)}
[i, j]: 0 2
[i, j]: 0 3
[i, j]: 0 4
[i, j]: 1 0
[i, j]: 1 2
[i, j]: 1 3
[i, j]: 1 4
[i, j]: 2 0
[i, j]: 2 3
[i, j]: 2 4
[i, j]: 3 0
[i, j]: 3 1
[i, j]: 3 4
[i, j]: 4 0
[i, j]: 4 1
[i, j]: 4 2
[x]: {(0, 0), (0, 1), (1, 1), (2, 1), (2, 2), (3, 2), (3, 3), (3, 4), (4, 4)}
[i, j]: 0 2
[i, j]: 0 3
[i, j]: 0 4
[i, j]: 1 0
[i, j]: 1 2
[i, j]: 1 3
[i, j]: 1 4
[i, j]: 2 0
[i, j]: 2 3
[i, j]: 2 4
[i, j]: 3 0
[i, j]: 3 1
[i, j]: 4 0
[i, j]: 4 1
[i, j]: 4 2
[i, j]: 4 3
[x]: {(0, 0), (0, 1), (1, 1), (2, 1), (2, 2), (2, 3), (3, 3), (4, 3), (4, 4)}
[i, j]: 0 2
[i, j]: 0 3
[i, j]: 0 4
[i, j]: 1 0
[i, j]: 1 2
[i, j]: 1 3
[i, j]: 1 4
[i, j]: 2 0
[i, j]: 2 4
[i, j]: 3 0
[i, j]: 3 1
[i, j]: 3 2
[i, j]: 3 4
[i, j]: 4 0
[i, j]: 4 1
[i, j]: 4 2
[x]: {(0, 0), (0, 1), (1, 1), (2, 1), (2, 2), (2, 3), (3, 3), (3, 4), (4, 4)}
[i, j]: 0 2
[i, j]: 0 3
[i, j]: 0 4
[i, j]: 1 0
[i, j]: 1 2
[i, j]: 1 3
[i, j]: 1 4
[i, j]: 2 0
[i, j]: 2 4
[i, j]: 3 0
[i, j]: 3 1
[i, j]: 3 2
[i, j]: 4 0
[i, j]: 4 1
[i, j]: 4 2
[i, j]: 4 3
[x]: {(0, 0), (0, 1), (1, 1), (1, 2), (2, 2), (3, 2), (3, 3), (4, 3), (4, 4)}
[i, j]: 0 2
[i, j]: 0 3
[i, j]: 0 4
[i, j]: 1 0
[i, j]: 1 3
[i, j]: 1 4
[i, j]: 2 0
[i, j]: 2 1
[i, j]: 2 3
[i, j]: 2 4
[i, j]: 3 0
[i, j]: 3 1
[i, j]: 3 4
[i, j]: 4 0
[i, j]: 4 1
[i, j]: 4 2
[x]: {(0, 0), (0, 1), (1, 1), (1, 2), (2, 2), (3, 2), (3, 3), (3, 4), (4, 4)}
[i, j]: 0 2
[i, j]: 0 3
[i, j]: 0 4
[i, j]: 1 0
[i, j]: 1 3
[i, j]: 1 4
[i, j]: 2 0
[i, j]: 2 1
[i, j]: 2 3
[i, j]: 2 4
[i, j]: 3 0
[i, j]: 3 1
[i, j]: 4 0
[i, j]: 4 1
[i, j]: 4 2
[i, j]: 4 3
[x]: {(0, 0), (0, 1), (1, 1), (1, 2), (2, 2), (2, 3), (3, 3), (4, 3), (4, 4)}
[i, j]: 0 2
[i, j]: 0 3
[i, j]: 0 4
[i, j]: 1 0
[i, j]: 1 3
[i, j]: 1 4
[i, j]: 2 0
[i, j]: 2 1
[i, j]: 2 4
[i, j]: 3 0
[i, j]: 3 1
[i, j]: 3 2
[i, j]: 3 4
[i, j]: 4 0
[i, j]: 4 1
[i, j]: 4 2
[x]: {(0, 0), (0, 1), (1, 1), (1, 2), (2, 2), (2, 3), (3, 3), (3, 4), (4, 4)}
[i, j]: 0 2
[i, j]: 0 3
[i, j]: 0 4
[i, j]: 1 0
[i, j]: 1 3
[i, j]: 1 4
[i, j]: 2 0
[i, j]: 2 1
[i, j]: 2 4
[i, j]: 3 0
[i, j]: 3 1
[i, j]: 3 2
[i, j]: 4 0
[i, j]: 4 1
[i, j]: 4 2
[i, j]: 4 3
