0100001100100 0 1218
engineer
1 0 0 0 0 0 0 0
0 0 5 8 9 8 5 0
engineer
1 0 0 0 0 1 0 0
0 0 5 8 9 8 5 0
5 e 1000000000000000000 0 8 fick
engineer
1 0 0 0 0 0 1 0
0 0 5 8 9 8 5 0
6 e 8 0 5 fick
0000001100100 0 1216
0100000100100 0 1154
0000000100100 3 1152
0100001000100 0 1090
0000001000100 0 1088
0100000000100 1 1026
0000000000100 2 1024
0100001100000 0 194
0000001100000 1 192
0100000100000 0 130
0000000100000 2 128
0100001000000 0 66
0000001000000 0 64
0100000000000 0 2
0000000000000 0 0
cost
1 0 0 0
0 2 2 0
0 c 1000000000000000000 0 0 fick
cost
0 1 0 0
0 2 2 0
1 o 1000000000000000000 0 2 fick
cost
0 0 0 1
0 2 2 0
3 t 1000000000000000000 0 0 fick
level
1 0 0 0 0
0 3 4 3 0
0 l 1000000000000000000 0 0 fick
level
0 1 0 0 0
0 3 4 3 0
1 e 5 0 3 fick
5
